0 0.492708 0.350000 0.084375 0.128704 0.999851
0 0.351042 0.569444 0.114063 0.237037 0.999745
0 0.359375 0.375926 0.078125 0.126852 0.999349
0 0.631250 0.876852 0.190104 0.246296 0.998398
0 0.554167 0.580556 0.118750 0.193519 0.997834
0 0.093229 0.150926 0.053125 0.089815 0.995576
0 0.031771 0.161111 0.059896 0.093519 0.994509
0 0.303646 0.948148 0.196875 0.102778 0.986281
1 0.642187 0.281481 0.179688 0.321296 0.932189
0 0.166146 0.112037 0.031771 0.037963 0.895490
2 0.549479 0.022222 0.025521 0.040741 0.442496
