0 0.790625 0.687963 0.166667 0.214815 0.999361
0 0.320312 0.868519 0.168229 0.259259 0.998677
0 0.572917 0.699074 0.142708 0.240741 0.997804
0 0.482292 0.098148 0.026042 0.037037 0.988027
0 0.457812 0.078704 0.023958 0.033333 0.980513
0 0.015625 0.218519 0.030729 0.081481 0.869721
3 0.727083 0.248148 0.020833 0.077778 0.858144
3 0.800000 0.283333 0.026563 0.085185 0.847339
0 0.512500 0.058333 0.019792 0.023148 0.844345
3 0.675000 0.232407 0.022396 0.079630 0.763917
0 0.016146 0.189815 0.031771 0.052778 0.628044
0 0.503646 0.039815 0.017188 0.020370 0.609568
