0 0.338021 0.837037 0.176042 0.315741 0.998205
0 0.814583 0.686111 0.179688 0.280556 0.997862
0 0.917188 0.905556 0.159375 0.179630 0.996120
0 0.589583 0.645370 0.152083 0.264815 0.996046
0 0.488542 0.100000 0.027083 0.036111 0.994592
0 0.634896 0.873148 0.204688 0.248148 0.990074
0 0.421875 0.100926 0.029167 0.035185 0.977338
0 0.459896 0.063889 0.021354 0.025000 0.974707
0 0.114063 0.104630 0.029167 0.037963 0.974466
0 0.430729 0.073148 0.023438 0.025926 0.965274
0 0.520312 0.056481 0.019271 0.025926 0.960547
0 0.495833 0.074074 0.021875 0.027778 0.957736
0 0.536458 0.045370 0.018229 0.024074 0.940842
0 0.336979 0.142593 0.072917 0.059259 0.883427
4 0.088021 0.275926 0.075521 0.083333 0.832845
0 0.564062 0.074074 0.020833 0.031481 0.802923
0 0.505208 0.044444 0.016667 0.019444 0.723796
0 0.555208 0.031481 0.014062 0.021296 0.660791
0 0.486458 0.039815 0.017708 0.021296 0.618108
3 0.713021 0.187037 0.011979 0.065741 0.589097
0 0.303646 0.075000 0.022396 0.031481 0.319254
