0 0.361458 0.898148 0.204688 0.203704 0.999774
0 0.318750 0.681481 0.134375 0.236111 0.999592
0 0.580208 0.648148 0.144792 0.238889 0.999447
0 0.646875 0.901852 0.214583 0.196296 0.997267
0 0.032292 0.203704 0.053646 0.067593 0.990514
2 0.486979 0.112037 0.102604 0.099074 0.976584
3 0.716667 0.187037 0.014583 0.071296 0.933433
2 0.494271 0.031481 0.031250 0.062037 0.932823
1 0.829167 0.632407 0.324479 0.533333 0.923786
2 0.301562 0.128704 0.148958 0.106481 0.911980
0 0.136979 0.123148 0.033333 0.039815 0.907560
0 0.015625 0.180556 0.030729 0.062963 0.577939
0 0.552604 0.022222 0.016146 0.025000 0.516509
0 0.930729 0.982407 0.138542 0.034259 0.483662
0 0.453646 0.087963 0.026563 0.030556 0.406977
0 0.006250 0.140741 0.011979 0.051852 0.267490
