0 0.350000 0.714815 0.142708 0.222222 0.999805
0 0.611979 0.715741 0.151042 0.241667 0.999537
3 0.298438 0.264815 0.057813 0.092593 0.995848
0 0.842708 0.726852 0.175521 0.226852 0.995809
0 0.330208 0.950000 0.227083 0.100000 0.986346
0 0.405729 0.137037 0.060417 0.054630 0.983440
0 0.450000 0.079630 0.027604 0.036111 0.978526
0 0.933854 0.875926 0.131771 0.247222 0.955286
0 0.506771 0.062037 0.019792 0.027778 0.920979
3 0.432813 0.239815 0.053125 0.083333 0.911717
0 0.530208 0.043519 0.018229 0.024074 0.901093
0 0.495833 0.085185 0.021875 0.036111 0.898224
0 0.486979 0.051852 0.017188 0.026852 0.851547
2 0.218229 0.129630 0.142708 0.111111 0.492159
