0 0.405208 0.227778 0.055208 0.079630 0.997501
0 0.514583 0.321296 0.103646 0.199074 0.994285
0 0.516146 0.146296 0.037500 0.050000 0.993959
0 0.171875 0.121296 0.032292 0.039815 0.986723
0 0.439063 0.101852 0.027083 0.036111 0.984695
0 0.456250 0.081481 0.023958 0.028704 0.978326
0 0.488021 0.092593 0.027083 0.036111 0.975834
0 0.513542 0.061111 0.018750 0.025926 0.961308
0 0.540625 0.069444 0.021354 0.029630 0.960034
4 0.043750 0.150000 0.032812 0.048148 0.837741
0 0.236458 0.100926 0.034896 0.044444 0.661920
0 0.505208 0.041667 0.018750 0.019444 0.450709
0 0.537500 0.037037 0.015625 0.025000 0.397300
3 0.917708 0.380556 0.017188 0.132407 0.369672
0 0.520312 0.045370 0.017188 0.021296 0.354388
