0 0.485417 0.236111 0.061458 0.091667 0.999479
0 0.381250 0.196296 0.054688 0.084259 0.999363
0 0.512500 0.379630 0.086979 0.134259 0.999239
0 0.348437 0.757407 0.157813 0.268519 0.998583
0 0.488021 0.148148 0.032812 0.057407 0.998368
0 0.366667 0.367593 0.076042 0.120370 0.998364
0 0.706250 0.498148 0.116667 0.174074 0.998265
0 0.671354 0.897222 0.246875 0.204630 0.998002
0 0.440104 0.119444 0.033333 0.046296 0.996884
0 0.100521 0.162037 0.046354 0.052778 0.996167
0 0.047396 0.198148 0.052604 0.062963 0.991539
0 0.481771 0.098148 0.028125 0.037037 0.982168
0 0.544792 0.182407 0.043750 0.068519 0.976594
0 0.520833 0.090741 0.026042 0.031481 0.965336
1 0.625000 0.266667 0.130208 0.225926 0.952169
1 0.052083 0.125000 0.076563 0.094444 0.933377
0 0.011979 0.169444 0.023438 0.047222 0.898660
0 0.166146 0.128704 0.037500 0.044444 0.869419
1 0.113021 0.103704 0.052083 0.078704 0.788212
0 0.012500 0.234259 0.022917 0.092593 0.457454
