0 0.352604 0.640741 0.132292 0.237037 0.999900
0 0.596354 0.695370 0.139583 0.234259 0.999400
0 0.804167 0.657407 0.173958 0.223148 0.998454
0 0.914062 0.901852 0.171354 0.191667 0.996661
0 0.028125 0.213889 0.054688 0.062963 0.995499
0 0.121354 0.150000 0.035937 0.052778 0.994741
0 0.316146 0.914815 0.198437 0.170370 0.991000
0 0.528125 0.155556 0.039583 0.068519 0.989904
0 0.051042 0.167593 0.039583 0.050000 0.972966
0 0.085417 0.170370 0.043750 0.058333 0.970438
0 0.514583 0.054630 0.019271 0.030556 0.893873
3 0.608333 0.214815 0.031250 0.076852 0.863086
0 0.433333 0.065741 0.022396 0.033333 0.853478
3 0.541146 0.226852 0.031771 0.076852 0.803733
0 0.548958 0.055556 0.018750 0.028704 0.783035
0 0.479688 0.041667 0.017708 0.022222 0.730941
0 0.015104 0.187963 0.029687 0.056481 0.681349
0 0.650000 0.969444 0.225000 0.060185 0.581925
0 0.035417 0.151852 0.038021 0.041667 0.519992
0 0.090625 0.141667 0.033854 0.039815 0.488494
