0 0.569792 0.587963 0.136458 0.204630 0.999870
0 0.745833 0.534259 0.132292 0.190741 0.999664
0 0.516146 0.398148 0.085938 0.126852 0.999303
0 0.611458 0.310185 0.084375 0.122222 0.999061
0 0.080729 0.175926 0.047917 0.055556 0.998727
0 0.349479 0.426852 0.101042 0.127778 0.998596
0 0.350000 0.665741 0.159896 0.367593 0.983573
0 0.159896 0.132407 0.038542 0.046296 0.958097
0 0.109375 0.110185 0.029167 0.035185 0.953209
0 0.010417 0.168519 0.020312 0.051852 0.925897
0 0.128125 0.126852 0.031250 0.042593 0.877623
2 0.480208 0.107407 0.184375 0.134259 0.695921
