0 0.648438 0.375000 0.092188 0.119444 0.999628
0 0.822917 0.679630 0.167708 0.212037 0.999564
0 0.511458 0.342593 0.088021 0.131481 0.999274
0 0.331771 0.216667 0.049479 0.078704 0.998899
0 0.547917 0.204630 0.048437 0.069444 0.997430
0 0.110937 0.120370 0.036458 0.042593 0.996744
0 0.464063 0.151852 0.036979 0.048148 0.993453
0 0.420833 0.124074 0.034375 0.040741 0.993235
0 0.402083 0.175926 0.043229 0.079630 0.992026
0 0.484896 0.120370 0.030208 0.042593 0.988368
0 0.540104 0.147222 0.040104 0.050926 0.985584
0 0.445312 0.087963 0.028646 0.033333 0.982177
0 0.033854 0.186111 0.063542 0.112037 0.977170
0 0.515104 0.092593 0.024479 0.032407 0.964230
0 0.483333 0.051852 0.020312 0.025926 0.937546
0 0.512500 0.055556 0.018750 0.022222 0.669113
0 0.548958 0.050926 0.017188 0.026852 0.625990
0 0.521354 0.079630 0.021875 0.028704 0.419246
0 0.527083 0.062037 0.019792 0.028704 0.404480
0 0.008854 0.150000 0.016667 0.053704 0.293378
0 0.484375 0.100926 0.026563 0.030556 0.254087
