0 0.348437 0.663889 0.126563 0.209259 0.999701
0 0.586979 0.611111 0.143229 0.223148 0.999692
0 0.633854 0.878704 0.187500 0.240741 0.997991
0 0.102083 0.126852 0.048437 0.081481 0.994375
0 0.019271 0.214815 0.038021 0.065741 0.993559
0 0.313021 0.881481 0.189583 0.235185 0.990843
0 0.044792 0.140741 0.049479 0.063889 0.988472
0 0.175521 0.120370 0.031250 0.046296 0.955882
2 0.497917 0.033333 0.028125 0.057407 0.932986
0 0.017708 0.180556 0.034896 0.049074 0.833177
1 0.836458 0.520370 0.295833 0.591667 0.429471
0 0.223438 0.093519 0.031771 0.044444 0.285845
