0 0.676562 0.417593 0.097396 0.135185 0.999539
0 0.604167 0.777778 0.172917 0.274074 0.999278
0 0.331771 0.220370 0.054167 0.074074 0.999237
0 0.397917 0.175926 0.042188 0.058333 0.998538
0 0.494792 0.109259 0.030208 0.037963 0.997223
0 0.085417 0.168519 0.042708 0.053704 0.994627
0 0.436458 0.103704 0.029167 0.046296 0.990879
0 0.532812 0.100926 0.026563 0.036111 0.990819
0 0.037500 0.139815 0.040104 0.044444 0.971865
0 0.242708 0.831481 0.272396 0.336111 0.966753
0 0.498437 0.075000 0.021354 0.028704 0.947556
0 0.478125 0.055556 0.019271 0.025000 0.910167
0 0.228646 0.098148 0.032292 0.034259 0.908681
0 0.156250 0.112963 0.033333 0.037963 0.876588
0 0.507812 0.060185 0.020833 0.028704 0.808964
0 0.447917 0.054630 0.026042 0.043519 0.707260
0 0.529688 0.047222 0.016667 0.022222 0.573391
0 0.484375 0.041667 0.017708 0.021296 0.519199
0 0.544792 0.035185 0.014583 0.019444 0.377108
