0 0.360417 0.643519 0.120833 0.202778 0.999586
0 0.494271 0.246296 0.060417 0.087037 0.999184
0 0.383333 0.348148 0.075521 0.110185 0.996160
0 0.391146 0.197222 0.045313 0.062963 0.995968
0 0.521875 0.101852 0.028646 0.042593 0.992305
0 0.475000 0.133333 0.040104 0.055556 0.991889
0 0.510938 0.061111 0.020312 0.028704 0.986650
0 0.011458 0.197222 0.021875 0.060185 0.971110
0 0.412500 0.140741 0.038021 0.057407 0.970839
0 0.126563 0.150000 0.039062 0.048148 0.902155
0 0.254167 0.147222 0.079687 0.059259 0.782935
0 0.523958 0.049074 0.017708 0.025000 0.782527
0 0.473437 0.064815 0.026563 0.041667 0.564130
0 0.141667 0.119444 0.034375 0.042593 0.327202
4 0.554688 0.060185 0.010417 0.032407 0.310151
