0 0.356250 0.744444 0.146875 0.260185 0.999787
0 0.798958 0.667593 0.171875 0.200000 0.999263
0 0.606771 0.622222 0.145313 0.287037 0.996900
0 0.122396 0.131481 0.040104 0.044444 0.994693
0 0.027604 0.208333 0.054688 0.075000 0.992175
0 0.072917 0.178704 0.047396 0.055556 0.988897
0 0.063542 0.146296 0.050521 0.069444 0.945428
0 0.926562 0.896296 0.143750 0.193519 0.867236
2 0.754167 0.862037 0.306250 0.275926 0.751383
0 0.549479 0.032407 0.016146 0.025000 0.531527
0 0.021875 0.185185 0.042708 0.060185 0.468883
1 0.023958 0.139815 0.046875 0.093519 0.468418
0 0.003125 0.226852 0.005729 0.063889 0.377082
0 0.244792 0.088889 0.030208 0.036111 0.267025
