0 0.525521 0.420370 0.089583 0.162037 0.999166
0 0.470313 0.245370 0.057813 0.082407 0.998941
0 0.677083 0.444444 0.106771 0.150926 0.998822
0 0.367708 0.581481 0.119792 0.187963 0.998805
0 0.551042 0.233333 0.056771 0.072222 0.997770
0 0.062500 0.137963 0.034896 0.043519 0.997476
0 0.373958 0.301852 0.069792 0.107407 0.996377
0 0.317187 0.923148 0.185417 0.152778 0.992015
0 0.475000 0.100926 0.031771 0.045370 0.985450
0 0.168750 0.128704 0.038021 0.042593 0.981776
0 0.095312 0.166667 0.045833 0.056481 0.979700
0 0.023438 0.210185 0.045833 0.070370 0.979093
0 0.850521 0.646296 0.214062 0.341667 0.901030
0 0.030729 0.171296 0.045833 0.050000 0.873177
0 0.458333 0.080556 0.021875 0.034259 0.854666
0 0.520312 0.072222 0.029167 0.054630 0.782820
0 0.092708 0.139815 0.038021 0.043519 0.746383
