0 0.350000 0.713889 0.142708 0.222222 0.999807
0 0.611458 0.715741 0.151042 0.242593 0.999604
0 0.842708 0.725926 0.174479 0.226852 0.996192
0 0.092188 0.118519 0.034375 0.035185 0.995115
2 0.488542 0.092593 0.057292 0.100000 0.993638
0 0.330208 0.950000 0.226042 0.100000 0.985981
0 0.933854 0.875000 0.131771 0.250000 0.960056
3 0.555729 0.121296 0.015104 0.056481 0.721336
0 0.004688 0.158333 0.008854 0.055556 0.637846
0 0.167708 0.101852 0.028125 0.025926 0.515091
0 0.558854 0.026852 0.012500 0.022222 0.428455
0 0.243750 0.082407 0.032292 0.040741 0.333897
0 0.002604 0.207407 0.004167 0.069444 0.290572
