0 0.331250 0.879630 0.171354 0.237963 0.999004
0 0.468750 0.148148 0.038021 0.053704 0.998291
0 0.486979 0.272222 0.059896 0.086111 0.998282
0 0.389062 0.347222 0.073437 0.110185 0.995437
0 0.408854 0.184259 0.042188 0.059259 0.994823
0 0.555729 0.190741 0.049479 0.066667 0.993847
0 0.059375 0.185185 0.053125 0.064815 0.992072
0 0.482812 0.108333 0.031771 0.040741 0.991352
0 0.473437 0.062037 0.020833 0.025926 0.989463
0 0.418750 0.125926 0.034896 0.045370 0.985736
0 0.497396 0.075000 0.021875 0.029630 0.983651
3 0.699479 0.167593 0.014062 0.062037 0.960611
0 0.241146 0.155556 0.078125 0.050926 0.931799
0 0.424479 0.099074 0.030208 0.036111 0.888734
1 0.541667 0.054630 0.030729 0.060185 0.749931
0 0.506250 0.060185 0.018750 0.025926 0.616432
0 0.522917 0.046296 0.014062 0.024074 0.579096
0 0.562500 0.042593 0.014062 0.025000 0.402247
0 0.504687 0.037037 0.018229 0.024074 0.331046
