0 0.372917 0.456481 0.101042 0.167593 0.999849
0 0.571875 0.553704 0.146354 0.280556 0.999325
0 0.517708 0.343519 0.075000 0.122222 0.998249
0 0.391667 0.214815 0.051562 0.067593 0.997450
0 0.059896 0.155556 0.042708 0.063889 0.994923
0 0.397396 0.146296 0.035417 0.060185 0.990801
0 0.468229 0.125926 0.031771 0.047222 0.989503
0 0.438021 0.088889 0.026563 0.041667 0.984859
0 0.492188 0.108333 0.028646 0.036111 0.971699
0 0.465625 0.063889 0.022396 0.029630 0.966877
0 0.416146 0.111111 0.029687 0.042593 0.948971
0 0.540625 0.066667 0.020833 0.027778 0.843049
0 0.497917 0.040741 0.018750 0.026852 0.834545
0 0.478646 0.084259 0.025000 0.027778 0.767303
0 0.530208 0.036111 0.017188 0.023148 0.585978
0 0.549479 0.050926 0.016667 0.025926 0.540285
0 0.482292 0.059259 0.018750 0.025000 0.347448
