0 0.370313 0.667593 0.134375 0.216667 0.999865
0 0.581250 0.637963 0.145833 0.227778 0.999473
0 0.828125 0.596296 0.211979 0.362037 0.999025
0 0.101042 0.161111 0.043229 0.054630 0.998354
0 0.028125 0.206481 0.054167 0.067593 0.995195
0 0.035417 0.165741 0.043229 0.050926 0.992541
0 0.069792 0.129630 0.040625 0.057407 0.992282
0 0.122917 0.129630 0.034896 0.041667 0.986274
0 0.903125 0.881481 0.193750 0.225926 0.982937
0 0.492188 0.065741 0.022917 0.033333 0.884974
3 0.772917 0.237037 0.017708 0.073148 0.570855
0 0.545313 0.030556 0.016146 0.021296 0.459246
0 0.179688 0.102778 0.021875 0.030556 0.258264
