0 0.071354 0.139815 0.039062 0.045370 0.997842
0 0.482812 0.205556 0.047396 0.076852 0.997308
0 0.396875 0.213889 0.048437 0.074074 0.996246
0 0.422396 0.128704 0.036458 0.043519 0.985323
1 0.532292 0.072222 0.036458 0.073148 0.959067
0 0.484375 0.088889 0.027083 0.031481 0.936678
0 0.483333 0.051852 0.018750 0.025000 0.900536
0 0.456250 0.075926 0.023958 0.031481 0.863074
0 0.502083 0.064815 0.020833 0.028704 0.789355
3 0.670833 0.137963 0.011458 0.052778 0.730541
0 0.497396 0.042593 0.017188 0.022222 0.469990
0 0.459896 0.062963 0.022396 0.025926 0.334059
