0 0.514583 0.377778 0.088021 0.129630 0.999708
0 0.601042 0.697222 0.159896 0.246296 0.999533
0 0.485938 0.278704 0.068229 0.085185 0.999221
0 0.824479 0.699074 0.173958 0.226852 0.999096
0 0.563021 0.226852 0.063021 0.090741 0.998735
0 0.355729 0.696296 0.129688 0.285185 0.998567
0 0.618229 0.312963 0.077604 0.112037 0.995393
0 0.359375 0.412037 0.110417 0.243519 0.995100
0 0.053646 0.190741 0.056250 0.064815 0.979269
0 0.363542 0.283333 0.068750 0.075000 0.962937
0 0.015625 0.188889 0.030729 0.060185 0.961804
2 0.513021 0.108333 0.104167 0.107407 0.919849
0 0.131771 0.109259 0.027604 0.037963 0.869858
