0 0.379167 0.635185 0.132292 0.211111 0.999745
0 0.407813 0.149074 0.038021 0.052778 0.998684
0 0.466146 0.175000 0.045833 0.059259 0.997823
0 0.661458 0.855556 0.176042 0.283333 0.994970
0 0.036979 0.195370 0.050521 0.067593 0.992065
0 0.016146 0.166667 0.031250 0.051852 0.991076
3 0.416667 0.234259 0.044271 0.072222 0.975799
3 0.563542 0.149074 0.014062 0.059259 0.896711
0 0.530208 0.041667 0.015625 0.023148 0.853433
0 0.472396 0.064815 0.023958 0.035185 0.681818
5 0.956250 0.309259 0.016146 0.095370 0.359287
