0 0.393229 0.246296 0.060417 0.090741 0.999151
0 0.506250 0.262037 0.068229 0.127778 0.997994
0 0.633333 0.339815 0.081250 0.108333 0.997568
0 0.408333 0.147222 0.038021 0.049074 0.995929
0 0.486979 0.188889 0.045313 0.068519 0.989468
0 0.477083 0.101852 0.028125 0.041667 0.989269
0 0.511979 0.088889 0.025000 0.031481 0.978478
0 0.440625 0.079630 0.025000 0.034259 0.977631
0 0.419271 0.102778 0.028646 0.040741 0.938405
0 0.467708 0.063889 0.022396 0.032407 0.785399
0 0.550000 0.052778 0.016146 0.025000 0.759524
0 0.486458 0.047222 0.018750 0.022222 0.655867
0 0.488021 0.073148 0.022917 0.030556 0.371407
0 0.501562 0.044444 0.016667 0.020370 0.304708
