0 0.363021 0.563889 0.117708 0.186111 0.999111
0 0.690104 0.450926 0.111458 0.143519 0.999079
0 0.488021 0.112963 0.031250 0.048148 0.998119
0 0.395312 0.221296 0.057292 0.079630 0.996602
0 0.446354 0.147222 0.037500 0.054630 0.996177
0 0.109375 0.161111 0.044792 0.054630 0.990873
0 0.084896 0.137963 0.035417 0.049074 0.986017
0 0.045833 0.169444 0.047396 0.056481 0.975223
0 0.438021 0.084259 0.030729 0.038889 0.970262
0 0.425000 0.112963 0.033333 0.044444 0.969902
0 0.512500 0.050926 0.018750 0.026852 0.943802
0 0.549479 0.050000 0.019792 0.027778 0.672061
4 0.551042 0.101852 0.015104 0.056481 0.558445
0 0.157813 0.108333 0.033333 0.029630 0.506191
2 0.473437 0.052778 0.025521 0.041667 0.298027
