0 0.564062 0.607407 0.137500 0.204630 0.999527
0 0.498437 0.324074 0.069792 0.100926 0.999220
0 0.361979 0.280556 0.059375 0.111111 0.998599
0 0.535937 0.160185 0.039583 0.053704 0.998068
0 0.542188 0.233333 0.055208 0.075926 0.996961
0 0.412500 0.171296 0.041667 0.058333 0.996341
0 0.064062 0.185185 0.053125 0.061111 0.987347
0 0.450000 0.087963 0.028125 0.036111 0.950117
0 0.930729 0.911111 0.136979 0.176852 0.934474
0 0.027604 0.177778 0.041146 0.057407 0.904846
0 0.515104 0.046296 0.021875 0.034259 0.489848
