0 0.351562 0.818519 0.158854 0.281481 0.999502
0 0.380729 0.280556 0.063021 0.089815 0.999477
0 0.487500 0.225000 0.054688 0.083333 0.999267
0 0.663542 0.375926 0.091146 0.124074 0.999028
0 0.531250 0.387037 0.085417 0.163889 0.998858
0 0.492708 0.158333 0.038021 0.051852 0.996933
0 0.411458 0.139815 0.042188 0.053704 0.994066
0 0.435937 0.100926 0.032292 0.035185 0.992655
0 0.518229 0.112037 0.029687 0.038889 0.991843
0 0.033333 0.141667 0.036979 0.041667 0.985495
0 0.167187 0.141667 0.040625 0.058333 0.973692
2 0.011458 0.187963 0.021875 0.085185 0.649280
