0 0.332812 0.870370 0.193229 0.256481 0.999451
0 0.917188 0.891667 0.155208 0.212037 0.997768
0 0.589063 0.662963 0.151562 0.287963 0.997421
3 0.067708 0.290741 0.044792 0.083333 0.985391
0 0.477604 0.059259 0.021875 0.028704 0.956914
2 0.493750 0.122222 0.052604 0.062963 0.919146
0 0.236979 0.159259 0.076042 0.050000 0.862275
0 0.546354 0.051852 0.019271 0.025000 0.772418
0 0.526563 0.032407 0.014583 0.019444 0.621861
0 0.553646 0.023148 0.014062 0.021296 0.338819
4 0.856771 0.319444 0.035417 0.104630 0.305471
