0 0.350000 0.714815 0.142708 0.222222 0.999812
0 0.611979 0.715741 0.151042 0.242593 0.999528
0 0.843229 0.726852 0.175000 0.227778 0.995820
0 0.123438 0.103704 0.029167 0.036111 0.989688
0 0.329688 0.950000 0.225000 0.100000 0.986670
0 0.933854 0.875926 0.131771 0.248148 0.955181
0 0.007292 0.207407 0.013542 0.053704 0.927361
3 0.555729 0.148148 0.016667 0.065741 0.926923
0 0.546354 0.073148 0.029167 0.034259 0.917484
3 0.252604 0.237037 0.028125 0.078704 0.858078
2 0.419271 0.120370 0.213542 0.122222 0.710060
0 0.536979 0.039815 0.015625 0.023148 0.515157
0 0.142188 0.092593 0.018750 0.026852 0.340803
