0 0.338542 0.837037 0.176042 0.315741 0.998107
0 0.815104 0.687037 0.179167 0.281481 0.997688
0 0.589063 0.645370 0.151562 0.265741 0.996055
0 0.917188 0.904630 0.158854 0.180556 0.995892
0 0.415104 0.108333 0.031250 0.037963 0.995819
0 0.486458 0.106481 0.027604 0.037037 0.993410
0 0.309375 0.145370 0.082813 0.061111 0.990201
0 0.635938 0.873148 0.205208 0.248148 0.989748
0 0.514583 0.062037 0.019271 0.026852 0.984027
0 0.454167 0.070370 0.021875 0.025926 0.979827
0 0.425000 0.079630 0.025521 0.026852 0.964481
0 0.491667 0.079630 0.022917 0.027778 0.937729
4 0.147917 0.267593 0.077604 0.085185 0.936172
0 0.531771 0.050000 0.019792 0.024074 0.903993
0 0.130208 0.099074 0.020833 0.034259 0.867476
0 0.563542 0.074074 0.021875 0.030556 0.839646
0 0.476562 0.041667 0.019271 0.023148 0.755026
0 0.548958 0.034259 0.016146 0.021296 0.639294
3 0.721875 0.195370 0.014583 0.061111 0.636148
0 0.498437 0.047222 0.017188 0.020370 0.307859
0 0.310937 0.070370 0.026042 0.028704 0.305909
