0 0.352604 0.640741 0.131771 0.237963 0.999898
0 0.596354 0.695370 0.139583 0.234259 0.999296
0 0.804688 0.658333 0.175000 0.222222 0.998408
0 0.419792 0.162037 0.042188 0.056481 0.996864
0 0.501042 0.174074 0.043229 0.058333 0.996287
0 0.914062 0.900926 0.171354 0.191667 0.995884
0 0.028646 0.213889 0.054688 0.062037 0.995179
0 0.386979 0.232407 0.086458 0.080556 0.994707
0 0.053125 0.167593 0.043750 0.050926 0.993422
0 0.316146 0.914815 0.199479 0.170370 0.992433
0 0.189063 0.324074 0.164583 0.138889 0.992344
0 0.459375 0.133333 0.036979 0.059259 0.991867
0 0.364062 0.121296 0.035937 0.053704 0.991375
0 0.478125 0.107407 0.030729 0.039815 0.988781
2 0.449479 0.073148 0.036979 0.061111 0.914180
3 0.235417 0.220370 0.044792 0.085185 0.716297
0 0.015104 0.187963 0.029167 0.056481 0.610849
0 0.660937 0.971296 0.240625 0.057407 0.507916
0 0.035417 0.151852 0.038542 0.040741 0.439692
0 0.559896 0.035185 0.018229 0.028704 0.322972
0 0.007292 0.850000 0.013542 0.295370 0.311693
