0 0.552604 0.492593 0.110417 0.183333 0.999674
0 0.581250 0.301852 0.069271 0.098148 0.999575
0 0.429167 0.277778 0.069271 0.087963 0.999441
0 0.352083 0.548148 0.123958 0.204630 0.998741
0 0.478125 0.200000 0.048437 0.075000 0.998185
0 0.359375 0.204630 0.048958 0.067593 0.998117
0 0.609896 0.783333 0.175521 0.320370 0.997897
0 0.725521 0.503704 0.113542 0.206481 0.996641
0 0.364062 0.369444 0.078125 0.120370 0.993609
2 0.099479 0.160185 0.104687 0.161111 0.975462
1 0.573438 0.184259 0.093229 0.162963 0.975332
3 0.655729 0.298148 0.027083 0.097222 0.890911
0 0.004167 0.236111 0.007812 0.070370 0.812872
0 0.927604 0.958333 0.144271 0.083333 0.771222
