0 0.560417 0.526852 0.117188 0.200000 0.999798
0 0.340625 0.598148 0.123438 0.253704 0.999727
0 0.330208 0.361111 0.080729 0.117593 0.999201
0 0.793229 0.658333 0.158854 0.217593 0.999170
0 0.630208 0.820370 0.186458 0.288889 0.998925
0 0.036458 0.142593 0.038542 0.040741 0.997713
0 0.468229 0.131481 0.033333 0.046296 0.997692
0 0.493750 0.322222 0.073958 0.113889 0.997245
0 0.375000 0.226852 0.051562 0.074074 0.997233
0 0.080208 0.175000 0.046354 0.056481 0.996659
1 0.569271 0.200000 0.101562 0.196296 0.996463
0 0.433854 0.100000 0.029167 0.035185 0.989752
0 0.474479 0.190741 0.044792 0.061111 0.988069
0 0.091667 0.128704 0.043229 0.047222 0.932107
0 0.101042 0.138889 0.044792 0.046296 0.904463
0 0.174479 0.126852 0.032812 0.037963 0.871958
0 0.510938 0.082407 0.025000 0.030556 0.869872
5 0.066146 0.246296 0.018750 0.084259 0.781225
