0 0.338021 0.836111 0.176042 0.313889 0.998409
0 0.814583 0.687037 0.179688 0.281481 0.997751
0 0.084375 0.117593 0.032292 0.041667 0.997664
0 0.917188 0.904630 0.158854 0.180556 0.996084
0 0.589063 0.645370 0.152083 0.264815 0.995571
0 0.491667 0.090741 0.024479 0.033333 0.992203
0 0.635417 0.872222 0.205208 0.247222 0.990528
0 0.359896 0.136111 0.055729 0.056481 0.967750
0 0.527604 0.050926 0.017708 0.025000 0.966882
0 0.433854 0.089815 0.028125 0.033333 0.958521
0 0.440104 0.063889 0.021354 0.023148 0.951017
4 0.025521 0.284259 0.050521 0.088889 0.947921
0 0.469271 0.059259 0.020312 0.023148 0.921371
0 0.565625 0.073148 0.020833 0.029630 0.891298
0 0.503646 0.069444 0.020833 0.027778 0.882162
0 0.543229 0.040741 0.017188 0.023148 0.845492
3 0.700000 0.170370 0.011979 0.060185 0.799099
0 0.501042 0.034259 0.015625 0.020370 0.684972
0 0.515625 0.039815 0.015104 0.019444 0.311078
