0 0.083854 0.117593 0.030729 0.036111 0.997226
0 0.473437 0.138889 0.035937 0.047222 0.996114
0 0.025000 0.213889 0.048958 0.069444 0.992994
0 0.526042 0.098148 0.025521 0.037037 0.992834
0 0.042188 0.170370 0.043750 0.048148 0.991133
0 0.543229 0.062963 0.018229 0.029630 0.980488
0 0.439063 0.093519 0.027604 0.037963 0.979014
0 0.459896 0.069444 0.021875 0.034259 0.978147
0 0.495833 0.078704 0.023438 0.032407 0.973716
0 0.472917 0.044444 0.018229 0.022222 0.941171
0 0.518229 0.046296 0.017188 0.025000 0.924608
5 0.066146 0.247222 0.018750 0.083333 0.819393
0 0.501562 0.063889 0.019792 0.026852 0.433604
