0 0.595312 0.664815 0.144271 0.220370 0.998899
0 0.713021 0.901852 0.235938 0.196296 0.997967
0 0.788542 0.638889 0.140104 0.197222 0.997695
0 0.305208 0.867593 0.209896 0.255556 0.995850
0 0.024479 0.212963 0.047917 0.067593 0.994349
0 0.084896 0.174074 0.047396 0.052778 0.990527
0 0.458333 0.074074 0.025000 0.032407 0.982172
0 0.044792 0.162963 0.039583 0.053704 0.895102
2 0.372396 0.602778 0.152604 0.357407 0.865714
3 0.703646 0.175926 0.012500 0.070370 0.848601
4 0.573438 0.169444 0.020833 0.079630 0.516682
0 0.248437 0.088889 0.023438 0.025926 0.474470
0 0.541146 0.024074 0.015625 0.025926 0.416784
