0 0.546875 0.489815 0.109896 0.180556 0.999625
0 0.593750 0.873148 0.186979 0.249074 0.999377
0 0.367188 0.495370 0.107292 0.175000 0.999231
0 0.379167 0.248148 0.055208 0.081481 0.999135
0 0.547396 0.213889 0.055729 0.066667 0.997887
0 0.617188 0.313889 0.074479 0.102778 0.996749
0 0.416667 0.149074 0.040625 0.048148 0.996375
0 0.504167 0.321296 0.070833 0.108333 0.995383
0 0.339063 0.875926 0.186458 0.247222 0.992583
0 0.018229 0.219444 0.035417 0.095370 0.974216
0 0.160417 0.127778 0.038542 0.050000 0.956890
3 0.680729 0.151852 0.015625 0.055556 0.919503
1 0.854167 0.712963 0.291667 0.525000 0.424923
