0 0.492708 0.207407 0.046875 0.083333 0.998456
0 0.020833 0.149074 0.039062 0.044444 0.997995
0 0.317708 0.862037 0.175000 0.263889 0.993460
0 0.075000 0.152778 0.042188 0.054630 0.989232
0 0.472396 0.103704 0.028125 0.037037 0.986973
0 0.503125 0.079630 0.025521 0.031481 0.966971
1 0.580208 0.215741 0.102083 0.192593 0.963454
0 0.447396 0.084259 0.026042 0.033333 0.927041
0 0.525521 0.112037 0.025521 0.041667 0.809920
3 0.503125 0.282407 0.026563 0.083333 0.792245
0 0.516667 0.050000 0.019792 0.022222 0.775539
4 0.107813 0.103704 0.017708 0.036111 0.519656
