0 0.335938 0.203704 0.047396 0.071296 0.998491
0 0.572917 0.228704 0.055208 0.074074 0.998038
0 0.471875 0.251852 0.057813 0.088889 0.997846
0 0.071354 0.150000 0.042708 0.057407 0.996899
0 0.136979 0.139815 0.041667 0.055556 0.995619
0 0.463021 0.131481 0.031250 0.044444 0.993647
0 0.398438 0.168519 0.040625 0.074074 0.993253
0 0.488021 0.083333 0.027083 0.036111 0.987575
0 0.435937 0.094444 0.026563 0.036111 0.981036
1 0.529167 0.086111 0.042188 0.108333 0.969458
0 0.020833 0.215741 0.040625 0.088889 0.955381
1 0.822396 0.637037 0.299479 0.488889 0.808334
