0 0.550000 0.545370 0.115625 0.175000 0.999834
0 0.329167 0.603704 0.136979 0.185185 0.999289
0 0.622396 0.799074 0.183333 0.288889 0.998348
0 0.811458 0.650000 0.179167 0.242593 0.995228
0 0.016667 0.190741 0.032292 0.059259 0.989609
0 0.916146 0.878704 0.167187 0.241667 0.984160
0 0.327604 0.833333 0.239063 0.333333 0.965110
2 0.522396 0.088889 0.075000 0.121296 0.962573
0 0.119271 0.106481 0.024479 0.032407 0.884147
0 0.481771 0.054630 0.020312 0.024074 0.871196
0 0.030729 0.155556 0.042708 0.048148 0.773849
