0 0.389583 0.316667 0.071354 0.096296 0.999545
0 0.367708 0.548148 0.112500 0.185185 0.998906
0 0.497396 0.247222 0.054688 0.101852 0.998288
0 0.397917 0.166667 0.044271 0.054630 0.997932
0 0.090104 0.130556 0.038021 0.040741 0.997800
0 0.579167 0.227778 0.056250 0.075926 0.997531
0 0.042188 0.170370 0.047396 0.055556 0.984678
0 0.483333 0.103704 0.028125 0.043519 0.982658
0 0.421354 0.116667 0.032812 0.037963 0.980253
0 0.458854 0.068519 0.022396 0.026852 0.965012
0 0.512500 0.098148 0.029687 0.037963 0.949771
0 0.006250 0.177778 0.011458 0.050000 0.936353
0 0.542708 0.104630 0.035937 0.059259 0.931280
0 0.478125 0.053704 0.020833 0.025926 0.875172
0 0.502604 0.043519 0.019271 0.021296 0.840485
0 0.479688 0.197222 0.042708 0.059259 0.819377
0 0.147917 0.129630 0.046875 0.055556 0.722504
0 0.528125 0.046296 0.019792 0.023148 0.461025
