0 0.567708 0.674074 0.140625 0.214815 0.999766
0 0.529167 0.452778 0.103646 0.154630 0.999703
0 0.359375 0.674074 0.131771 0.220370 0.999616
0 0.636979 0.387037 0.103646 0.137963 0.998868
0 0.861979 0.759259 0.183333 0.257407 0.996885
0 0.331771 0.929630 0.206250 0.139815 0.993343
2 0.502604 0.158333 0.086979 0.217593 0.992057
0 0.023958 0.185185 0.041146 0.054630 0.983132
0 0.068229 0.181481 0.050521 0.059259 0.977642
0 0.684896 0.957407 0.240625 0.081481 0.863372
0 0.065625 0.139815 0.039583 0.038889 0.806991
2 0.544792 0.040741 0.030208 0.073148 0.794801
0 0.004688 0.204630 0.008333 0.053704 0.656383
2 0.453125 0.070370 0.030208 0.058333 0.452928
0 0.246875 0.084259 0.027083 0.040741 0.338433
0 0.171875 0.103704 0.022396 0.030556 0.282750
