0 0.573438 0.588889 0.133333 0.204630 0.999178
0 0.078646 0.176852 0.047396 0.053704 0.998398
0 0.842708 0.756481 0.195312 0.289815 0.997476
0 0.304688 0.865741 0.211979 0.264815 0.996714
0 0.678646 0.839815 0.207292 0.320370 0.995224
0 0.018229 0.218519 0.035937 0.067593 0.993842
0 0.722396 0.523148 0.117188 0.159259 0.993732
0 0.113021 0.154630 0.044271 0.049074 0.992999
0 0.159375 0.132407 0.038021 0.042593 0.992247
0 0.041146 0.165741 0.042188 0.057407 0.985245
2 0.377083 0.567593 0.137500 0.363889 0.956087
0 0.502604 0.042593 0.019271 0.023148 0.923236
3 0.659896 0.137963 0.010937 0.050926 0.835385
