0 0.350000 0.714815 0.142708 0.222222 0.999801
0 0.611458 0.715741 0.151042 0.242593 0.999559
0 0.843229 0.725926 0.176042 0.226852 0.995383
0 0.329688 0.950000 0.226562 0.100000 0.986231
0 0.018750 0.193519 0.036458 0.055556 0.971376
0 0.934375 0.875926 0.131250 0.248148 0.957919
3 0.563021 0.166667 0.018229 0.075000 0.950655
2 0.373437 0.124074 0.306250 0.121296 0.928042
0 0.514583 0.084259 0.031250 0.036111 0.918297
0 0.524479 0.046296 0.016146 0.026852 0.863132
3 0.958854 0.407407 0.026042 0.112963 0.838123
5 0.296354 0.233333 0.024479 0.075926 0.816689
0 0.510417 0.027778 0.016146 0.021296 0.515771
