0 0.679167 0.850926 0.209375 0.296296 0.999449
0 0.389583 0.200000 0.047917 0.085185 0.998929
0 0.645833 0.362963 0.083333 0.115741 0.998888
0 0.369271 0.328704 0.069792 0.106481 0.998699
0 0.548958 0.477778 0.103646 0.149074 0.998644
0 0.568750 0.228704 0.055729 0.085185 0.997469
0 0.476042 0.317593 0.067188 0.117593 0.996654
0 0.347396 0.502778 0.115104 0.176852 0.995644
0 0.419792 0.140741 0.041146 0.053704 0.994088
0 0.048958 0.137037 0.035937 0.044444 0.993847
0 0.540625 0.132407 0.031771 0.055556 0.991224
0 0.479688 0.121296 0.036458 0.042593 0.990103
0 0.469792 0.161111 0.043229 0.055556 0.988031
0 0.284375 0.928704 0.230208 0.141667 0.988013
0 0.459375 0.074074 0.025000 0.031481 0.983059
0 0.419792 0.092593 0.033854 0.047222 0.982783
0 0.495833 0.084259 0.024479 0.030556 0.965190
0 0.506250 0.057407 0.019792 0.027778 0.950263
0 0.529688 0.090741 0.028646 0.043519 0.760468
0 0.533333 0.042593 0.018750 0.025926 0.607114
0 0.142188 0.122222 0.032292 0.041667 0.602879
