0 0.773958 0.628704 0.157292 0.190741 0.999830
0 0.379687 0.574074 0.122917 0.212037 0.999685
0 0.572396 0.624074 0.139583 0.230556 0.999641
0 0.325521 0.869444 0.204688 0.257407 0.999060
0 0.905729 0.876852 0.188542 0.246296 0.997693
0 0.657812 0.829630 0.178125 0.314815 0.996489
0 0.097917 0.163889 0.048437 0.056481 0.972641
0 0.050000 0.196296 0.057292 0.070370 0.967960
0 0.171354 0.123148 0.029687 0.038889 0.954718
0 0.014062 0.187037 0.027604 0.067593 0.932857
1 0.088542 0.107407 0.066146 0.083333 0.915534
0 0.522917 0.047222 0.018229 0.022222 0.862610
0 0.056771 0.142593 0.038542 0.043519 0.850239
0 0.451042 0.071296 0.028125 0.046296 0.635096
0 0.026563 0.156481 0.033854 0.043519 0.613434
4 0.549479 0.050000 0.012500 0.028704 0.332289
