0 0.454167 0.196296 0.052604 0.067593 0.999158
0 0.601562 0.865741 0.184375 0.261111 0.999061
0 0.348958 0.824074 0.162500 0.304630 0.998973
0 0.023438 0.159259 0.042708 0.051852 0.998700
0 0.493750 0.315741 0.075521 0.107407 0.997196
0 0.363542 0.315741 0.067188 0.112037 0.996675
0 0.611979 0.319444 0.077604 0.103704 0.996608
0 0.512500 0.155556 0.044271 0.059259 0.995257
0 0.543750 0.194444 0.046875 0.072222 0.993814
0 0.556250 0.535185 0.110417 0.171296 0.991283
2 0.533333 0.085185 0.044792 0.108333 0.990076
0 0.376042 0.225926 0.065625 0.118519 0.983900
0 0.446875 0.151852 0.040104 0.042593 0.959135
0 0.160938 0.113889 0.036979 0.037963 0.936864
0 0.363542 0.170370 0.048437 0.066667 0.798177
