0 0.344792 0.491667 0.101042 0.158333 0.999709
0 0.553646 0.501852 0.105729 0.174074 0.999167
0 0.631250 0.357407 0.082813 0.112037 0.998570
0 0.342708 0.842593 0.164062 0.288889 0.997393
0 0.622917 0.842593 0.181250 0.294444 0.997165
0 0.026042 0.155556 0.043750 0.057407 0.992868
0 0.735417 0.493519 0.150521 0.273148 0.981890
0 0.066667 0.176852 0.051042 0.065741 0.981717
0 0.243750 0.087963 0.030729 0.034259 0.850575
5 0.065104 0.251852 0.015625 0.073148 0.837991
2 0.513542 0.046296 0.035937 0.074074 0.809323
5 0.045313 0.244444 0.013021 0.075000 0.723550
3 0.554167 0.078704 0.008854 0.037963 0.490589
0 0.072396 0.151852 0.039583 0.046296 0.377237
