0 0.483854 0.194444 0.048958 0.069444 0.997831
0 0.362500 0.236111 0.068229 0.156481 0.996921
0 0.397917 0.090741 0.030729 0.035185 0.993798
0 0.518229 0.103704 0.026563 0.037963 0.990392
0 0.440625 0.091667 0.027604 0.034259 0.974695
0 0.544271 0.061111 0.019271 0.025926 0.941244
0 0.514063 0.056481 0.017708 0.023148 0.915406
0 0.010937 0.237037 0.020833 0.074074 0.888219
0 0.481771 0.056481 0.020312 0.030556 0.886644
0 0.501562 0.030556 0.018229 0.025926 0.636901
0 0.543750 0.034259 0.014062 0.022222 0.627719
0 0.530208 0.040741 0.014583 0.024074 0.585523
