0 0.350000 0.545370 0.103125 0.176852 0.999796
0 0.701563 0.507407 0.117188 0.157407 0.999670
0 0.376042 0.374074 0.081250 0.121296 0.999276
0 0.557813 0.619444 0.126042 0.215741 0.998416
0 0.840625 0.756481 0.181250 0.257407 0.995953
0 0.658333 0.912037 0.217187 0.175926 0.995149
0 0.059375 0.164815 0.043750 0.050000 0.990725
0 0.020833 0.213889 0.040625 0.064815 0.959435
0 0.165104 0.125926 0.040625 0.050926 0.907401
3 0.814062 0.280556 0.022917 0.082407 0.663130
0 0.016146 0.187963 0.031250 0.049074 0.328062
