0 0.756250 0.622222 0.141146 0.187037 0.999791
0 0.565625 0.635185 0.134375 0.211111 0.999727
0 0.339063 0.659259 0.135417 0.231481 0.999597
0 0.647917 0.855556 0.193229 0.273148 0.998376
0 0.028646 0.205556 0.055729 0.068519 0.998151
0 0.339583 0.918519 0.184375 0.162963 0.991523
0 0.040104 0.150000 0.037500 0.041667 0.987923
0 0.094792 0.161111 0.043750 0.057407 0.985308
0 0.439063 0.127778 0.080729 0.084259 0.979244
0 0.271875 0.150926 0.085938 0.053704 0.976623
0 0.170312 0.147222 0.034896 0.058333 0.934179
0 0.146354 0.122222 0.031771 0.040741 0.590721
0 0.127083 0.112037 0.030729 0.042593 0.450120
0 0.222917 0.099074 0.029687 0.038889 0.291329
