0 0.679167 0.430556 0.107813 0.140741 0.999634
0 0.527604 0.425926 0.100000 0.154630 0.999446
0 0.479688 0.262037 0.064062 0.088889 0.998849
0 0.362500 0.412037 0.084375 0.172222 0.998158
0 0.633854 0.839815 0.172396 0.278704 0.996681
0 0.533333 0.179630 0.050000 0.069444 0.996451
0 0.566667 0.227778 0.054688 0.082407 0.996257
0 0.455208 0.201852 0.047396 0.063889 0.993046
0 0.363542 0.292593 0.079167 0.161111 0.991671
0 0.078646 0.131481 0.038021 0.046296 0.980488
2 0.526563 0.099074 0.059896 0.105556 0.978503
0 0.055208 0.130556 0.029687 0.040741 0.817366
0 0.369792 0.217593 0.056250 0.078704 0.731385
