0 0.350000 0.713889 0.142708 0.221296 0.999810
0 0.611458 0.716667 0.150521 0.242593 0.999528
0 0.842708 0.726852 0.175000 0.225926 0.996311
0 0.090625 0.149074 0.041146 0.046296 0.995446
0 0.482292 0.109259 0.036458 0.041667 0.987517
0 0.329688 0.950000 0.227604 0.100000 0.987513
0 0.934375 0.875926 0.130729 0.248148 0.958614
0 0.511458 0.062037 0.019271 0.031481 0.904544
5 0.367708 0.233333 0.022917 0.076852 0.873924
0 0.542188 0.040741 0.016146 0.024074 0.825786
0 0.480208 0.046296 0.019792 0.027778 0.810511
5 0.542188 0.216667 0.020833 0.079630 0.548024
2 0.287500 0.133333 0.252604 0.133333 0.501534
3 0.784896 0.298148 0.038021 0.091667 0.329837
