0 0.352604 0.640741 0.132292 0.237037 0.999902
0 0.595833 0.696296 0.140104 0.233333 0.999326
0 0.804167 0.658333 0.174479 0.224074 0.998353
0 0.476042 0.142593 0.038542 0.053704 0.996603
0 0.914062 0.901852 0.171354 0.191667 0.996273
0 0.436979 0.108333 0.029687 0.039815 0.995957
0 0.029167 0.213889 0.055208 0.062037 0.994874
0 0.529688 0.108333 0.027604 0.038889 0.992821
0 0.444271 0.253704 0.100000 0.114815 0.992648
0 0.316146 0.914815 0.198437 0.170370 0.991931
0 0.052604 0.167593 0.044271 0.050000 0.990956
0 0.386458 0.101852 0.030208 0.045370 0.989351
0 0.159896 0.130556 0.035937 0.046296 0.981246
0 0.501042 0.077778 0.023438 0.031481 0.932724
0 0.481771 0.098148 0.026042 0.042593 0.869020
3 0.280208 0.215741 0.042708 0.084259 0.824110
2 0.469792 0.053704 0.031250 0.054630 0.743506
0 0.649479 0.970370 0.225000 0.059259 0.587864
0 0.014583 0.187963 0.028646 0.056481 0.586568
0 0.238021 0.081481 0.022917 0.026852 0.547977
3 0.232292 0.225000 0.029167 0.078704 0.529051
0 0.035417 0.151852 0.039062 0.040741 0.454304
3 0.285417 0.214815 0.020833 0.083333 0.326284
