0 0.388021 0.303704 0.068750 0.104630 0.999209
0 0.572396 0.237963 0.059896 0.069444 0.997133
0 0.491146 0.227778 0.055729 0.098148 0.996861
0 0.097917 0.141667 0.040625 0.050926 0.993137
0 0.023438 0.175000 0.046354 0.082407 0.990904
3 0.651563 0.294444 0.029167 0.099074 0.975553
0 0.593229 0.312037 0.064583 0.093519 0.957456
0 0.120833 0.118519 0.039583 0.058333 0.918465
2 0.540104 0.400000 0.102083 0.241667 0.912833
0 0.222396 0.099074 0.027604 0.041667 0.469270
0 0.179167 0.104630 0.022396 0.033333 0.410486
