0 0.356771 0.698148 0.133333 0.225000 0.999826
0 0.627083 0.901852 0.200000 0.196296 0.999305
0 0.788542 0.641667 0.172396 0.221296 0.999268
0 0.591667 0.658333 0.145833 0.226852 0.999145
0 0.506250 0.043519 0.018750 0.022222 0.909812
2 0.084896 0.176852 0.130729 0.183333 0.901636
0 0.332812 0.963889 0.239063 0.071296 0.861745
0 0.015104 0.188889 0.026042 0.055556 0.837457
0 0.004688 0.197222 0.008333 0.054630 0.674883
3 0.792708 0.256481 0.021354 0.087963 0.514821
3 0.785417 0.256481 0.019271 0.094444 0.476997
