0 0.466146 0.130556 0.031771 0.048148 0.998493
0 0.395312 0.098148 0.029687 0.037963 0.995256
1 0.553646 0.168519 0.077083 0.148148 0.984840
0 0.048958 0.130556 0.037500 0.053704 0.979324
0 0.441146 0.094444 0.027083 0.044444 0.975359
0 0.495313 0.065741 0.020312 0.027778 0.957137
0 0.165104 0.112963 0.033854 0.035185 0.896515
3 0.699479 0.188889 0.018750 0.071296 0.886575
1 0.543229 0.054630 0.030208 0.057407 0.579008
0 0.221875 0.102778 0.023438 0.032407 0.447107
0 0.493229 0.046296 0.017188 0.022222 0.381086
0 0.526042 0.043519 0.015104 0.024074 0.340398
