0 0.549479 0.546296 0.115104 0.175926 0.999836
0 0.329688 0.603704 0.137500 0.183333 0.999285
0 0.063021 0.141667 0.037500 0.044444 0.998240
0 0.622917 0.799074 0.183333 0.287963 0.998117
0 0.804688 0.647222 0.181771 0.241667 0.996392
0 0.016146 0.192593 0.031771 0.056481 0.996132
2 0.534896 0.064815 0.037500 0.103704 0.994776
0 0.097917 0.161111 0.042188 0.053704 0.991757
0 0.915625 0.887037 0.168750 0.225000 0.981066
0 0.108854 0.129630 0.038542 0.044444 0.971074
0 0.328125 0.832407 0.239583 0.334259 0.959250
2 0.290625 0.124074 0.287500 0.145370 0.539353
