0 0.596354 0.662963 0.144792 0.225926 0.998996
0 0.713021 0.901852 0.236979 0.196296 0.997924
0 0.788542 0.638889 0.140104 0.197222 0.997768
0 0.388021 0.101852 0.030729 0.040741 0.997736
0 0.304688 0.866667 0.209896 0.258333 0.995378
0 0.495833 0.103704 0.029167 0.048148 0.991646
0 0.128125 0.147222 0.037500 0.050000 0.988972
0 0.438542 0.094444 0.031771 0.044444 0.984667
0 0.097917 0.139815 0.035417 0.048148 0.966817
3 0.256771 0.223148 0.036979 0.091667 0.901613
0 0.495313 0.068519 0.022396 0.030556 0.890965
2 0.372396 0.600926 0.151562 0.360185 0.848598
0 0.216146 0.147222 0.080729 0.048148 0.764244
0 0.539583 0.035185 0.015625 0.021296 0.679232
0 0.171354 0.127778 0.033854 0.037037 0.672794
3 0.339583 0.150000 0.016667 0.055556 0.667063
