0 0.380208 0.399074 0.080729 0.123148 0.999096
0 0.026563 0.204630 0.052604 0.067593 0.997871
0 0.390104 0.103704 0.034896 0.043519 0.995010
0 0.511458 0.102778 0.029167 0.035185 0.993685
0 0.040104 0.135185 0.035937 0.047222 0.990790
0 0.130729 0.124074 0.031250 0.044444 0.979213
0 0.539583 0.074074 0.022396 0.029630 0.979042
3 0.800000 0.253704 0.020312 0.084259 0.974661
0 0.109375 0.118519 0.032812 0.044444 0.791501
0 0.254167 0.085185 0.019271 0.025926 0.390685
0 0.171875 0.140741 0.038542 0.067593 0.347374
