0 0.595312 0.663889 0.145313 0.223148 0.998923
0 0.477083 0.189815 0.052083 0.079630 0.998606
0 0.711979 0.901852 0.241146 0.196296 0.998035
0 0.359375 0.187963 0.052083 0.064815 0.997921
0 0.788542 0.638889 0.140625 0.198148 0.997719
0 0.467708 0.112037 0.033854 0.044444 0.996133
0 0.305208 0.866667 0.210417 0.258333 0.995144
0 0.405729 0.150926 0.047396 0.067593 0.991256
0 0.485938 0.063889 0.021354 0.025926 0.973636
0 0.169792 0.142593 0.038542 0.052778 0.969449
3 0.028125 0.243519 0.038021 0.082407 0.910526
2 0.372917 0.601852 0.152083 0.361111 0.870582
0 0.241667 0.090741 0.030208 0.035185 0.736601
5 0.238542 0.147222 0.014062 0.051852 0.369389
