0 0.778646 0.620370 0.147917 0.204630 0.999294
0 0.359896 0.204630 0.065104 0.088889 0.998858
0 0.466146 0.223148 0.070312 0.081481 0.998544
0 0.611979 0.875000 0.184896 0.250000 0.998445
0 0.219792 0.261111 0.107292 0.101852 0.998093
0 0.350521 0.662037 0.135417 0.280556 0.998042
0 0.925000 0.879630 0.149479 0.238889 0.996905
0 0.462500 0.150000 0.040104 0.053704 0.995098
3 0.681771 0.161111 0.013021 0.060185 0.845112
0 0.005208 0.341667 0.009375 0.090741 0.724245
0 0.228125 0.151852 0.068229 0.043519 0.384666
