0 0.788542 0.671296 0.171354 0.229630 0.999603
0 0.405208 0.351852 0.072396 0.141667 0.997964
0 0.475521 0.141667 0.035417 0.056481 0.997644
0 0.408333 0.175926 0.051562 0.095370 0.995890
0 0.486458 0.100926 0.027604 0.035185 0.993405
0 0.058854 0.130556 0.035417 0.039815 0.989637
0 0.457812 0.080556 0.021875 0.029630 0.987765
0 0.434375 0.097222 0.027604 0.036111 0.962157
0 0.498437 0.064815 0.018750 0.028704 0.935443
0 0.421354 0.120370 0.036458 0.049074 0.932548
0 0.011979 0.198148 0.022917 0.060185 0.904880
0 0.512500 0.054630 0.017188 0.024074 0.903263
0 0.171875 0.149074 0.034375 0.047222 0.897100
0 0.466667 0.059259 0.019271 0.025000 0.872255
2 0.550521 0.035185 0.029687 0.056481 0.743333
0 0.281771 0.149074 0.055208 0.064815 0.609103
0 0.467187 0.042593 0.018229 0.023148 0.409420
0 0.496875 0.044444 0.016667 0.021296 0.307598
0 0.256771 0.148148 0.108854 0.066667 0.306842
