0 0.396354 0.215741 0.053125 0.073148 0.999258
0 0.486458 0.236111 0.060417 0.089815 0.998560
0 0.367188 0.324074 0.071875 0.134259 0.998158
0 0.464583 0.158333 0.042708 0.056481 0.997974
0 0.533854 0.160185 0.041667 0.054630 0.997919
0 0.018750 0.215741 0.036979 0.070370 0.989950
0 0.527083 0.119444 0.031771 0.037963 0.986758
0 0.462500 0.091667 0.026563 0.034259 0.978517
0 0.537500 0.081481 0.022917 0.031481 0.974021
0 0.493229 0.078704 0.024479 0.040741 0.951437
0 0.237500 0.150926 0.081250 0.058333 0.916790
0 0.433333 0.068519 0.022396 0.028704 0.916204
0 0.168750 0.123148 0.037500 0.044444 0.862613
0 0.007812 0.150926 0.015104 0.059259 0.843790
0 0.468750 0.059259 0.022917 0.031481 0.598631
