0 0.361458 0.898148 0.204688 0.202778 0.999744
0 0.318229 0.681481 0.134375 0.235185 0.999556
0 0.579687 0.647222 0.145313 0.238889 0.999452
0 0.466146 0.100000 0.030208 0.037963 0.998056
0 0.647917 0.908333 0.211458 0.183333 0.994471
2 0.332292 0.129630 0.189583 0.102778 0.994027
0 0.445312 0.136111 0.035937 0.045370 0.992291
0 0.032292 0.203704 0.053125 0.067593 0.989126
1 0.831250 0.631481 0.328646 0.527778 0.893960
2 0.466146 0.048148 0.040625 0.086111 0.761161
0 0.522917 0.036111 0.016667 0.022222 0.540022
0 0.016146 0.179630 0.031250 0.063889 0.411789
0 0.006250 0.140741 0.011979 0.051852 0.337369
0 0.239063 0.082407 0.022917 0.027778 0.313664
