0 0.359896 0.665741 0.139062 0.232407 0.999808
0 0.523958 0.125926 0.030208 0.043519 0.999181
0 0.799479 0.675926 0.160417 0.220370 0.999123
0 0.570312 0.657407 0.138542 0.211111 0.999061
0 0.457292 0.158333 0.044271 0.061111 0.998379
0 0.497396 0.098148 0.028646 0.036111 0.996745
0 0.022917 0.217593 0.045313 0.059259 0.994771
0 0.297917 0.155556 0.082292 0.066667 0.993733
0 0.386458 0.130556 0.052604 0.070370 0.972873
0 0.479688 0.055556 0.020833 0.030556 0.935463
3 0.967188 0.455556 0.030729 0.123148 0.870519
0 0.513021 0.039815 0.017188 0.020370 0.820364
0 0.186458 0.144444 0.060938 0.062963 0.771165
0 0.548958 0.034259 0.015625 0.022222 0.566799
