0 0.338021 0.837963 0.177083 0.315741 0.998530
0 0.266667 0.298148 0.125521 0.096296 0.998118
0 0.814583 0.686111 0.180208 0.282407 0.997475
0 0.589063 0.662963 0.151042 0.285185 0.997123
0 0.405208 0.138889 0.060417 0.047222 0.990801
3 0.542708 0.165741 0.016146 0.061111 0.982943
0 0.042708 0.320370 0.084896 0.091667 0.972386
0 0.935938 0.944444 0.128125 0.110185 0.971209
0 0.234375 0.262037 0.099479 0.077778 0.870437
0 0.214583 0.146296 0.082292 0.049074 0.867544
0 0.684896 0.964815 0.231771 0.070370 0.782675
4 0.725000 0.243519 0.046875 0.075926 0.654021
0 0.008333 0.371296 0.015625 0.096296 0.484886
