0 0.354688 0.475926 0.096875 0.162963 0.999799
0 0.669792 0.434259 0.104687 0.140741 0.999317
0 0.494271 0.248148 0.057292 0.079630 0.998977
0 0.506771 0.381481 0.083333 0.119444 0.998542
0 0.350521 0.903704 0.200000 0.191667 0.998409
0 0.386458 0.272222 0.060417 0.109259 0.997382
0 0.420312 0.137963 0.043750 0.059259 0.996359
0 0.051562 0.195370 0.053125 0.066667 0.996130
0 0.594271 0.324074 0.076563 0.107407 0.994904
0 0.107813 0.158333 0.043750 0.052778 0.992201
0 0.540104 0.190741 0.053646 0.079630 0.990591
0 0.031771 0.156481 0.041667 0.048148 0.960526
0 0.100000 0.139815 0.038542 0.046296 0.687872
0 0.647917 0.975926 0.291667 0.048148 0.538769
