0 0.581250 0.596296 0.140104 0.217593 0.999817
0 0.348958 0.659259 0.124479 0.200000 0.999623
0 0.624479 0.864815 0.179688 0.270370 0.998363
0 0.316146 0.865741 0.186979 0.268519 0.997025
0 0.136458 0.138889 0.040625 0.056481 0.996140
0 0.017708 0.185185 0.034896 0.054630 0.987841
0 0.013542 0.224074 0.026042 0.070370 0.966346
0 0.078646 0.137037 0.051042 0.087037 0.963070
0 0.026563 0.146296 0.050521 0.063889 0.934674
2 0.508333 0.031481 0.027604 0.050000 0.513327
1 0.825000 0.522222 0.348437 0.501852 0.392601
0 0.188542 0.117593 0.032812 0.037963 0.295409
