0 0.553125 0.156481 0.039062 0.053704 0.998813
0 0.410417 0.149074 0.040104 0.054630 0.998641
0 0.508333 0.337963 0.072917 0.106481 0.998112
0 0.072396 0.170370 0.051042 0.072222 0.997244
0 0.378646 0.323148 0.073437 0.113889 0.996980
0 0.436458 0.100926 0.028646 0.037963 0.996455
0 0.485417 0.137037 0.043229 0.070370 0.995594
0 0.536458 0.063889 0.020312 0.027778 0.992266
0 0.900521 0.881481 0.198958 0.222222 0.988238
0 0.476562 0.053704 0.019792 0.027778 0.980686
0 0.493229 0.078704 0.021875 0.034259 0.925555
0 0.513021 0.045370 0.020312 0.030556 0.851515
0 0.501042 0.060185 0.020312 0.030556 0.845521
0 0.452604 0.069444 0.024479 0.034259 0.705707
0 0.545833 0.023148 0.015104 0.023148 0.680608
