0 0.529688 0.451852 0.093750 0.144444 0.999666
0 0.363021 0.594444 0.128646 0.224074 0.999423
0 0.479688 0.285185 0.060938 0.093519 0.998618
0 0.530208 0.127778 0.031250 0.045370 0.998135
0 0.352083 0.348148 0.076563 0.113889 0.997130
0 0.446354 0.118519 0.033333 0.045370 0.996901
0 0.434896 0.184259 0.046354 0.060185 0.994953
0 0.489062 0.091667 0.025521 0.041667 0.994504
0 0.391146 0.140741 0.038021 0.055556 0.993656
0 0.466667 0.068519 0.023438 0.031481 0.987901
0 0.470833 0.162037 0.038542 0.051852 0.971489
0 0.506771 0.056481 0.019271 0.026852 0.971140
0 0.434896 0.083333 0.029687 0.052778 0.925246
0 0.392188 0.094444 0.027604 0.042593 0.918687
2 0.533333 0.061111 0.034375 0.083333 0.845127
0 0.248958 0.101852 0.022917 0.033333 0.588185
0 0.489062 0.073148 0.021354 0.029630 0.316787
