0 0.550000 0.545370 0.115625 0.175000 0.999848
0 0.329688 0.603704 0.136979 0.183333 0.999262
0 0.622917 0.799074 0.183333 0.289815 0.998272
0 0.811458 0.650000 0.179688 0.242593 0.995304
0 0.027083 0.177778 0.043750 0.058333 0.991528
0 0.916146 0.879630 0.167187 0.240741 0.983563
0 0.327604 0.832407 0.239063 0.335185 0.955435
2 0.450521 0.109259 0.214062 0.127778 0.884806
0 0.167187 0.128704 0.042188 0.054630 0.777156
0 0.123958 0.118519 0.030729 0.035185 0.771982
0 0.026042 0.158333 0.039062 0.045370 0.256925
