0 0.497396 0.255556 0.057813 0.084259 0.999317
0 0.383333 0.275926 0.060938 0.101852 0.997832
0 0.531771 0.174074 0.041667 0.060185 0.997673
0 0.478646 0.147222 0.039583 0.051852 0.997428
0 0.405208 0.157407 0.035937 0.053704 0.996818
0 0.428125 0.112037 0.029687 0.039815 0.996053
0 0.532812 0.082407 0.022396 0.030556 0.984842
0 0.511979 0.063889 0.019792 0.026852 0.980827
2 0.368229 0.474074 0.154687 0.331481 0.980512
0 0.488542 0.098148 0.029167 0.034259 0.973011
2 0.092188 0.162963 0.105729 0.164815 0.972854
0 0.451042 0.085185 0.024479 0.030556 0.950235
0 0.481771 0.052778 0.020312 0.026852 0.912246
0 0.439583 0.064815 0.021875 0.026852 0.879450
0 0.543229 0.054630 0.017188 0.028704 0.777693
0 0.505208 0.044444 0.018229 0.024074 0.568826
0 0.532812 0.044444 0.015625 0.024074 0.513603
0 0.481771 0.116667 0.031771 0.032407 0.468483
