0 0.403125 0.319444 0.071875 0.102778 0.998111
0 0.507812 0.165741 0.041146 0.055556 0.998039
0 0.400000 0.158333 0.041667 0.057407 0.997820
0 0.473958 0.133333 0.032812 0.044444 0.990561
0 0.034375 0.175000 0.047396 0.061111 0.989509
0 0.321875 0.190741 0.047917 0.065741 0.987934
0 0.463021 0.075000 0.022917 0.027778 0.983150
0 0.504167 0.068519 0.020833 0.025000 0.947910
0 0.477083 0.062037 0.020312 0.025000 0.936793
0 0.520312 0.053704 0.016146 0.022222 0.909962
0 0.551562 0.053704 0.017708 0.025000 0.903863
0 0.506250 0.039815 0.015625 0.019444 0.831006
0 0.483854 0.035185 0.016667 0.021296 0.676879
0 0.523958 0.031481 0.014583 0.019444 0.322052
