0 0.547396 0.503704 0.117708 0.177778 0.999586
0 0.689583 0.438889 0.108854 0.151852 0.999125
0 0.506250 0.355556 0.078125 0.112963 0.998452
0 0.685938 0.928704 0.223438 0.142593 0.997966
0 0.354688 0.558333 0.146354 0.314815 0.996884
0 0.041667 0.201852 0.053125 0.062963 0.995918
0 0.591146 0.276852 0.075521 0.107407 0.995856
0 0.928646 0.920370 0.142708 0.155556 0.985367
0 0.066146 0.128704 0.033333 0.037037 0.978173
0 0.355729 0.374074 0.089583 0.112963 0.971464
0 0.333333 0.917593 0.237500 0.162037 0.947699
0 0.123438 0.149074 0.038542 0.049074 0.944381
2 0.494792 0.110185 0.145833 0.112963 0.917249
0 0.092188 0.142593 0.038021 0.046296 0.902602
