0 0.530729 0.490741 0.109375 0.178704 0.999857
0 0.394792 0.399074 0.094271 0.151852 0.999227
0 0.600521 0.832407 0.166667 0.312037 0.999047
0 0.377604 0.215741 0.051042 0.072222 0.998381
0 0.485938 0.129630 0.033854 0.043519 0.998214
0 0.531250 0.166667 0.038021 0.054630 0.997090
0 0.417708 0.137037 0.035417 0.054630 0.996583
0 0.471875 0.197222 0.047396 0.066667 0.996325
0 0.559896 0.209259 0.049479 0.068519 0.994755
0 0.511458 0.097222 0.028646 0.041667 0.994395
0 0.107813 0.137037 0.036458 0.041667 0.990250
0 0.501562 0.055556 0.022917 0.031481 0.830206
0 0.145833 0.108333 0.032292 0.033333 0.689178
