0 0.378646 0.634259 0.131771 0.212037 0.999767
0 0.607813 0.677778 0.135937 0.266667 0.999364
0 0.090625 0.146296 0.040625 0.042593 0.994068
0 0.035937 0.198148 0.051042 0.068519 0.993332
0 0.016146 0.165741 0.031250 0.052778 0.991405
0 0.681250 0.932407 0.216667 0.134259 0.988909
0 0.132292 0.124074 0.032292 0.040741 0.980550
0 0.233854 0.108333 0.030208 0.037963 0.954025
2 0.427604 0.121296 0.170833 0.118519 0.937676
5 0.853646 0.227778 0.011458 0.072222 0.379595
0 0.557813 0.025926 0.013021 0.024074 0.368363
