0 0.502604 0.359259 0.083333 0.110185 0.999472
0 0.385938 0.265741 0.061458 0.086111 0.998958
0 0.743229 0.521296 0.130208 0.179630 0.998208
0 0.491667 0.227778 0.054167 0.075000 0.998008
0 0.334896 0.694444 0.128646 0.242593 0.997498
0 0.529688 0.165741 0.039062 0.052778 0.997201
0 0.092188 0.116667 0.031771 0.036111 0.997070
0 0.401563 0.165741 0.045313 0.060185 0.996813
0 0.473437 0.175000 0.041667 0.052778 0.996419
0 0.363542 0.407407 0.087500 0.178704 0.991786
0 0.522917 0.128704 0.032812 0.040741 0.989808
0 0.136458 0.137963 0.039062 0.052778 0.980703
0 0.039583 0.202778 0.054688 0.063889 0.979896
0 0.467187 0.062963 0.021354 0.027778 0.977141
0 0.507812 0.055556 0.020312 0.026852 0.965482
0 0.529688 0.091667 0.022917 0.031481 0.962335
0 0.483333 0.093519 0.026563 0.030556 0.929618
0 0.441667 0.087963 0.026042 0.033333 0.872704
0 0.489583 0.073148 0.020833 0.027778 0.841775
0 0.541146 0.056481 0.018229 0.031481 0.837804
0 0.606771 0.300000 0.075521 0.105556 0.703250
0 0.004167 0.205556 0.007812 0.054630 0.444767
