0 0.752083 0.556481 0.136458 0.190741 0.999807
0 0.341667 0.659259 0.135417 0.240741 0.999804
0 0.567708 0.637037 0.135417 0.225000 0.999497
0 0.643750 0.887037 0.202604 0.225926 0.998396
0 0.905729 0.830556 0.188542 0.250926 0.998140
0 0.296354 0.951852 0.219271 0.091667 0.993684
0 0.028646 0.212963 0.056771 0.062037 0.984961
0 0.136979 0.119444 0.036979 0.048148 0.973638
0 0.441667 0.087963 0.028125 0.036111 0.958683
0 0.494792 0.050926 0.019271 0.025000 0.930105
0 0.023438 0.180556 0.043229 0.044444 0.918779
3 0.704167 0.178704 0.010937 0.061111 0.764097
3 0.691146 0.151852 0.012500 0.061111 0.729242
0 0.929167 0.975000 0.141667 0.048148 0.716580
0 0.507812 0.040741 0.017188 0.022222 0.709147
0 0.537500 0.039815 0.017188 0.026852 0.524930
0 0.238542 0.090741 0.025000 0.030556 0.357169
0 0.553125 0.026852 0.013021 0.020370 0.319435
0 0.562500 0.035185 0.014062 0.022222 0.252566
