0 0.548437 0.459259 0.100521 0.162037 0.999433
0 0.510417 0.298148 0.070833 0.103704 0.998828
0 0.397396 0.257407 0.068750 0.095370 0.998673
0 0.476042 0.137037 0.035417 0.044444 0.996519
0 0.137500 0.138889 0.037500 0.050926 0.996038
0 0.031250 0.155556 0.040625 0.049074 0.992596
0 0.443229 0.094444 0.026563 0.038889 0.982907
0 0.540104 0.142593 0.034896 0.050000 0.980912
0 0.494792 0.094444 0.025521 0.033333 0.977462
0 0.402604 0.145370 0.036979 0.048148 0.975465
0 0.523438 0.119444 0.026563 0.043519 0.973124
0 0.519792 0.063889 0.023438 0.032407 0.956397
0 0.540104 0.035185 0.017708 0.024074 0.659692
