0 0.486458 0.137037 0.033333 0.047222 0.997552
2 0.394792 0.199074 0.075000 0.139815 0.996979
0 0.168229 0.120370 0.032292 0.043519 0.996163
0 0.611979 0.314815 0.073958 0.104630 0.995586
0 0.537500 0.103704 0.026563 0.037963 0.990936
0 0.465104 0.069444 0.020833 0.028704 0.988769
0 0.435937 0.097222 0.027083 0.034259 0.987786
2 0.092708 0.163889 0.106771 0.164815 0.970566
0 0.549479 0.054630 0.017188 0.024074 0.931435
0 0.530208 0.043519 0.015625 0.021296 0.930922
0 0.484375 0.055556 0.019271 0.023148 0.909571
0 0.496875 0.079630 0.022917 0.028704 0.908462
0 0.487500 0.095370 0.028125 0.035185 0.902561
0 0.502604 0.066667 0.021354 0.025926 0.794264
0 0.409375 0.136111 0.039062 0.039815 0.483539
0 0.472396 0.043519 0.017188 0.021296 0.436288
0 0.517187 0.035185 0.015625 0.022222 0.365231
