0 0.351042 0.493519 0.108854 0.225000 0.999594
0 0.317708 0.900926 0.202604 0.197222 0.999127
0 0.407292 0.137963 0.037500 0.059259 0.999062
0 0.559896 0.492593 0.118750 0.209259 0.998985
0 0.581771 0.237037 0.056250 0.076852 0.998966
0 0.544271 0.161111 0.040625 0.059259 0.998632
0 0.508333 0.311111 0.070312 0.094444 0.998406
0 0.367188 0.290741 0.073958 0.105556 0.998025
0 0.465104 0.232407 0.052083 0.089815 0.997168
0 0.390104 0.212963 0.050000 0.067593 0.995193
0 0.441667 0.107407 0.034375 0.044444 0.983845
0 0.535937 0.098148 0.025000 0.044444 0.975420
0 0.483854 0.117593 0.033333 0.042593 0.965097
0 0.020833 0.180556 0.041146 0.065741 0.960243
0 0.480208 0.055556 0.020833 0.027778 0.920214
0 0.445312 0.072222 0.028125 0.040741 0.882095
0 0.521354 0.061111 0.018750 0.027778 0.751626
0 0.487500 0.090741 0.028646 0.035185 0.690845
