0 0.379687 0.574074 0.122917 0.211111 0.999692
0 0.603646 0.762963 0.167187 0.288889 0.998181
0 0.207813 0.284259 0.142188 0.116667 0.996972
0 0.469792 0.130556 0.034896 0.047222 0.996613
0 0.065625 0.138889 0.033333 0.040741 0.992217
0 0.014583 0.187963 0.028646 0.064815 0.990324
0 0.034375 0.155556 0.032292 0.045370 0.987513
0 0.056250 0.189815 0.055729 0.064815 0.981874
0 0.163542 0.140741 0.044792 0.072222 0.980107
3 0.124479 0.264815 0.036979 0.084259 0.902735
0 0.021354 0.359259 0.041667 0.115741 0.900820
2 0.541667 0.075000 0.037500 0.079630 0.896543
1 0.105729 0.101852 0.055729 0.080556 0.882375
