0 0.506771 0.334259 0.070833 0.099074 0.999685
0 0.568750 0.534259 0.115104 0.175926 0.999645
0 0.370833 0.440741 0.096354 0.155556 0.999556
0 0.410937 0.170370 0.042708 0.056481 0.998855
0 0.079687 0.128704 0.040104 0.053704 0.997616
0 0.311458 0.735185 0.141146 0.250000 0.997242
0 0.033854 0.202778 0.056250 0.068519 0.996861
0 0.530729 0.112037 0.028125 0.037963 0.995877
0 0.478646 0.126852 0.032812 0.039815 0.992809
0 0.416146 0.124074 0.034896 0.040741 0.989639
0 0.457812 0.077778 0.023958 0.027778 0.975632
0 0.493229 0.094444 0.025000 0.029630 0.950459
0 0.412500 0.082407 0.027604 0.035185 0.928797
0 0.473437 0.060185 0.019271 0.025000 0.927578
0 0.039583 0.161111 0.043229 0.053704 0.887684
3 0.675521 0.140741 0.013021 0.054630 0.841822
0 0.174479 0.126852 0.032812 0.035185 0.723126
0 0.245833 0.078704 0.024479 0.025000 0.440073
0 0.478646 0.044444 0.017708 0.023148 0.372383
0 0.548958 0.056481 0.016667 0.030556 0.337166
