0 0.774479 0.656482 0.154687 0.202778 0.999724
0 0.342187 0.672222 0.136979 0.221296 0.999673
0 0.572917 0.699074 0.144271 0.241667 0.997145
0 0.493750 0.070370 0.020833 0.027778 0.963363
3 0.693750 0.193519 0.014062 0.068519 0.932771
0 0.015625 0.217593 0.030729 0.080556 0.922684
0 0.479688 0.054630 0.017708 0.026852 0.829159
3 0.927604 0.375000 0.028125 0.115741 0.819249
3 0.733333 0.203704 0.010937 0.061111 0.760864
0 0.016146 0.189815 0.031250 0.052778 0.547555
0 0.540104 0.035185 0.016146 0.026852 0.434248
