0 0.465104 0.147222 0.035417 0.052778 0.998350
1 0.571875 0.202778 0.099479 0.172222 0.995070
0 0.094271 0.112037 0.034375 0.048148 0.994788
0 0.381771 0.112963 0.031771 0.043519 0.988828
0 0.486979 0.074074 0.021875 0.030556 0.985949
0 0.431250 0.107407 0.029687 0.046296 0.961930
0 0.246354 0.089815 0.026042 0.031481 0.905751
0 0.483333 0.052778 0.017708 0.023148 0.896441
3 0.676562 0.168519 0.015625 0.062037 0.824383
1 0.540104 0.062037 0.032292 0.060185 0.707577
0 0.533854 0.113889 0.030729 0.038889 0.547389
0 0.519792 0.046296 0.016146 0.025926 0.389855
