0 0.368750 0.484259 0.096875 0.159259 0.999590
0 0.510938 0.436111 0.095312 0.141667 0.999494
0 0.348437 0.820370 0.158854 0.292593 0.998753
0 0.540625 0.259259 0.076042 0.094444 0.998552
0 0.478646 0.314815 0.077083 0.104630 0.998216
0 0.713021 0.484259 0.115104 0.162963 0.998025
0 0.592188 0.753704 0.163542 0.319444 0.997733
0 0.022917 0.184259 0.045313 0.052778 0.994598
0 0.064062 0.151852 0.046875 0.051852 0.991273
2 0.502083 0.128704 0.070833 0.177778 0.980821
0 0.084896 0.124074 0.039062 0.035185 0.978247
0 0.175521 0.119444 0.030208 0.047222 0.932101
2 0.554167 0.031481 0.027604 0.058333 0.849451
0 0.003646 0.244444 0.006771 0.073148 0.679165
2 0.468229 0.052778 0.022917 0.059259 0.497298
