0 0.551042 0.455556 0.096354 0.164815 0.998825
0 0.508333 0.239815 0.057813 0.084259 0.998759
0 0.083854 0.149074 0.040625 0.046296 0.998757
0 0.494792 0.157407 0.041667 0.057407 0.998329
0 0.348958 0.535185 0.118229 0.194444 0.997658
0 0.160938 0.127778 0.039062 0.048148 0.990380
0 0.411979 0.155556 0.044792 0.056481 0.990361
0 0.488021 0.087963 0.025000 0.030556 0.982709
0 0.511979 0.061111 0.019792 0.026852 0.978333
0 0.441146 0.090741 0.026563 0.032407 0.954969
0 0.478125 0.056481 0.019271 0.027778 0.880784
0 0.531250 0.092593 0.024479 0.034259 0.818300
0 0.004688 0.236111 0.008854 0.076852 0.792802
4 0.852604 0.608333 0.141667 0.281481 0.715435
0 0.541146 0.037963 0.016667 0.025926 0.282254
