0 0.506771 0.142593 0.034896 0.050926 0.998722
0 0.482292 0.216667 0.051562 0.069444 0.997330
0 0.478646 0.108333 0.030729 0.043519 0.991761
0 0.414583 0.131481 0.035417 0.050000 0.988800
0 0.166146 0.127778 0.039583 0.046296 0.985245
0 0.438542 0.063889 0.023438 0.028704 0.980426
0 0.535937 0.087963 0.021875 0.036111 0.979596
0 0.431771 0.097222 0.026042 0.043519 0.956792
0 0.497396 0.064815 0.022396 0.030556 0.953763
5 0.066146 0.246296 0.018750 0.086111 0.854882
1 0.534375 0.041667 0.029687 0.060185 0.645615
0 0.493229 0.044444 0.017708 0.023148 0.607384
0 0.004167 0.244444 0.007812 0.066667 0.606121
0 0.483333 0.088889 0.026042 0.029630 0.293925
