0 0.357292 0.635185 0.131250 0.206481 0.999650
0 0.475521 0.182407 0.045833 0.084259 0.996593
0 0.370313 0.300000 0.065625 0.120370 0.995120
0 0.424479 0.108333 0.032812 0.040741 0.995066
0 0.118750 0.150926 0.043750 0.054630 0.990480
0 0.396354 0.214815 0.050521 0.074074 0.988021
0 0.532812 0.107407 0.026563 0.040741 0.980691
0 0.402604 0.156481 0.039583 0.065741 0.979743
0 0.459896 0.065741 0.023958 0.033333 0.946742
0 0.465104 0.126852 0.033333 0.049074 0.945390
0 0.533854 0.078704 0.021875 0.031481 0.920870
0 0.495313 0.055556 0.022917 0.027778 0.751724
0 0.446875 0.092593 0.024479 0.031481 0.715177
0 0.520312 0.053704 0.019792 0.025000 0.613562
0 0.551042 0.049074 0.017188 0.026852 0.453007
0 0.527083 0.041667 0.018750 0.023148 0.383433
0 0.477083 0.150000 0.039583 0.048148 0.298749
