0 0.356250 0.629630 0.129167 0.208333 0.999700
0 0.547396 0.497222 0.107292 0.164815 0.999628
0 0.588021 0.278704 0.067188 0.086111 0.999055
0 0.467187 0.248148 0.066146 0.085185 0.998163
0 0.542188 0.175926 0.042188 0.056481 0.998138
0 0.380208 0.116667 0.031250 0.039815 0.997893
0 0.366146 0.312963 0.068229 0.100000 0.997375
0 0.419271 0.165741 0.041667 0.056481 0.996804
0 0.052083 0.189815 0.054167 0.062963 0.994878
0 0.065104 0.141667 0.039583 0.038889 0.994119
0 0.469792 0.137037 0.034896 0.043519 0.993829
0 0.498437 0.107407 0.029687 0.038889 0.986480
0 0.531771 0.132407 0.032812 0.042593 0.981572
0 0.461979 0.073148 0.022396 0.030556 0.974040
0 0.430729 0.065741 0.023958 0.034259 0.930785
0 0.532812 0.098148 0.027604 0.038889 0.862038
0 0.169271 0.109259 0.029167 0.037037 0.858905
0 0.479688 0.091667 0.025000 0.038889 0.573119
0 0.233333 0.093519 0.032812 0.038889 0.554116
0 0.460938 0.046296 0.019792 0.025926 0.509700
