0 0.540104 0.487037 0.100000 0.162963 0.999767
0 0.718229 0.473148 0.111979 0.146296 0.999437
0 0.389062 0.506481 0.100000 0.187963 0.998935
0 0.633333 0.826852 0.184375 0.292593 0.998600
0 0.364062 0.316667 0.076563 0.130556 0.997799
0 0.371875 0.204630 0.050000 0.071296 0.997481
0 0.489583 0.285185 0.071875 0.090741 0.997071
0 0.470313 0.179630 0.046875 0.067593 0.996136
0 0.607292 0.330556 0.080729 0.120370 0.994950
1 0.573958 0.186111 0.087500 0.170370 0.991678
0 0.021354 0.215741 0.041667 0.070370 0.978708
0 0.046875 0.159259 0.051042 0.063889 0.964707
0 0.136458 0.138889 0.041667 0.056481 0.958966
0 0.295833 0.938889 0.195312 0.122222 0.936864
0 0.007292 0.167593 0.013542 0.048148 0.711621
0 0.251563 0.089815 0.022917 0.025000 0.373524
0 0.243750 0.084259 0.023958 0.026852 0.310261
