0 0.348437 0.664815 0.127604 0.212037 0.999738
0 0.586979 0.621296 0.144271 0.228704 0.999715
0 0.635417 0.886111 0.190625 0.226852 0.995402
0 0.054688 0.137037 0.046354 0.060185 0.988086
0 0.020833 0.214815 0.041146 0.062037 0.987857
0 0.118229 0.120370 0.047396 0.075000 0.986817
0 0.312500 0.889815 0.195312 0.218519 0.985785
2 0.492708 0.035185 0.029687 0.061111 0.932469
0 0.017708 0.147222 0.033333 0.040741 0.922301
0 0.017708 0.180556 0.034896 0.050000 0.747830
0 0.236979 0.088889 0.031771 0.039815 0.332435
1 0.829167 0.631481 0.236979 0.627778 0.305290
