0 0.392188 0.285185 0.061979 0.093519 0.999367
0 0.557292 0.533333 0.120312 0.197222 0.999183
0 0.098958 0.128704 0.035937 0.038889 0.994486
0 0.470313 0.129630 0.034375 0.043519 0.993360
0 0.449479 0.087963 0.026042 0.039815 0.983430
0 0.513542 0.082407 0.024479 0.034259 0.971530
0 0.496875 0.045370 0.018750 0.024074 0.918565
0 0.169792 0.152778 0.034896 0.049074 0.899587
0 0.518229 0.050926 0.018229 0.027778 0.741609
2 0.279167 0.148148 0.117188 0.066667 0.623543
0 0.546875 0.035185 0.015625 0.023148 0.438161
0 0.470313 0.062037 0.022917 0.035185 0.436111
