0 0.359896 0.666667 0.138542 0.233333 0.999809
0 0.798958 0.675926 0.159896 0.220370 0.999055
0 0.570312 0.657407 0.138542 0.212963 0.998766
0 0.446354 0.109259 0.033333 0.050000 0.997569
0 0.405729 0.130556 0.059375 0.063889 0.996296
0 0.102604 0.161111 0.045313 0.052778 0.995797
0 0.022917 0.217593 0.045313 0.059259 0.995588
0 0.476562 0.063889 0.022396 0.030556 0.986879
0 0.536979 0.065741 0.019271 0.027778 0.960998
0 0.410937 0.079630 0.030729 0.047222 0.892814
0 0.525521 0.046296 0.017188 0.022222 0.838309
