0 0.356250 0.744444 0.145833 0.261111 0.999777
0 0.798958 0.666667 0.172917 0.204630 0.999041
0 0.071354 0.179630 0.046875 0.054630 0.996480
0 0.607292 0.622222 0.147396 0.286111 0.996360
0 0.109896 0.137037 0.042188 0.042593 0.990698
0 0.027604 0.208333 0.054688 0.073148 0.985251
0 0.927083 0.896296 0.144792 0.194444 0.861788
2 0.754167 0.862037 0.304688 0.275926 0.721797
0 0.226562 0.099074 0.031250 0.035185 0.670784
0 0.059896 0.146296 0.048437 0.064815 0.662221
0 0.017188 0.186111 0.033333 0.055556 0.589729
0 0.003125 0.227778 0.005729 0.064815 0.407836
2 0.014583 0.146296 0.028125 0.103704 0.339235
