0 0.337500 0.719444 0.133854 0.231481 0.999877
0 0.505208 0.257407 0.059896 0.083333 0.999564
0 0.482812 0.375926 0.088542 0.115741 0.999408
0 0.467187 0.187037 0.044271 0.059259 0.998118
0 0.579167 0.222222 0.052083 0.087037 0.997639
0 0.371875 0.183333 0.050521 0.062037 0.993489
0 0.414583 0.100000 0.030208 0.037963 0.991959
0 0.075521 0.175926 0.050521 0.060185 0.988294
0 0.448438 0.088889 0.026042 0.033333 0.959371
1 0.533333 0.090741 0.044271 0.089815 0.934725
3 0.708854 0.214815 0.016146 0.079630 0.773931
