0 0.386458 0.342593 0.081250 0.124074 0.999724
0 0.516146 0.301852 0.070833 0.107407 0.999236
0 0.614062 0.279630 0.065625 0.093519 0.998752
0 0.430208 0.126852 0.035937 0.046296 0.997455
0 0.050521 0.194444 0.055208 0.063889 0.994419
0 0.507812 0.093519 0.026563 0.035185 0.983099
0 0.505729 0.062037 0.020312 0.027778 0.973256
0 0.471875 0.068519 0.021354 0.026852 0.960314
0 0.475000 0.151852 0.048958 0.103704 0.959652
0 0.116667 0.132407 0.041146 0.045370 0.953950
0 0.532292 0.043519 0.016667 0.022222 0.866068
0 0.485417 0.056481 0.019792 0.024074 0.860835
2 0.063542 0.107407 0.077083 0.082407 0.801898
0 0.554167 0.050000 0.016146 0.025000 0.775947
0 0.185937 0.131481 0.033333 0.051852 0.332431
