0 0.778125 0.620370 0.148958 0.204630 0.999232
0 0.314063 0.156481 0.083333 0.058333 0.998754
0 0.611979 0.875000 0.185417 0.250000 0.998431
0 0.350521 0.662037 0.136458 0.281481 0.998198
0 0.411458 0.145370 0.038542 0.047222 0.995910
0 0.923437 0.875000 0.152604 0.250000 0.993759
0 0.128125 0.125926 0.031771 0.041667 0.991950
0 0.447917 0.097222 0.026563 0.037037 0.983334
0 0.512500 0.056481 0.020833 0.028704 0.971345
0 0.465104 0.070370 0.022396 0.035185 0.960832
0 0.424479 0.071296 0.020833 0.030556 0.948798
4 0.099479 0.204630 0.026042 0.063889 0.623493
0 0.548958 0.039815 0.016146 0.023148 0.551414
