0 0.478646 0.150000 0.036979 0.052778 0.998903
1 0.560938 0.166667 0.074479 0.141667 0.996868
0 0.485938 0.090741 0.025521 0.033333 0.968160
0 0.126042 0.128704 0.035937 0.047222 0.965467
0 0.531250 0.080556 0.021354 0.030556 0.953281
0 0.432292 0.085185 0.028125 0.035185 0.929898
0 0.544792 0.063889 0.022917 0.029630 0.905204
0 0.448958 0.059259 0.020833 0.026852 0.891635
0 0.508854 0.064815 0.020833 0.028704 0.881366
5 0.802083 0.186111 0.015104 0.072222 0.880040
0 0.489583 0.053704 0.019271 0.023148 0.628675
0 0.123958 0.108333 0.030208 0.037037 0.598659
