0 0.145313 0.291667 0.129688 0.101852 0.999561
0 0.782812 0.633333 0.147917 0.212037 0.999437
0 0.581250 0.627778 0.154687 0.287037 0.999104
0 0.341667 0.598148 0.151562 0.309259 0.997577
0 0.027604 0.200926 0.052604 0.078704 0.995984
0 0.881771 0.857407 0.211979 0.278704 0.994570
3 0.330729 0.324074 0.040625 0.112037 0.990806
0 0.310937 0.916667 0.200000 0.166667 0.956125
0 0.666146 0.948148 0.228646 0.103704 0.954654
3 0.061979 0.222222 0.021875 0.069444 0.726832
3 0.360938 0.410185 0.049479 0.100000 0.639417
0 0.544792 0.036111 0.016667 0.024074 0.529851
