0 0.776563 0.650000 0.156250 0.202778 0.999666
0 0.343229 0.667593 0.134375 0.213889 0.999549
0 0.318750 0.871296 0.164583 0.250926 0.999138
0 0.572917 0.699074 0.144271 0.241667 0.996626
0 0.900521 0.868519 0.198958 0.256481 0.996357
0 0.126563 0.128704 0.038021 0.043519 0.991382
0 0.659375 0.917593 0.218750 0.164815 0.987778
0 0.049479 0.187963 0.054688 0.060185 0.985177
0 0.015104 0.223148 0.029687 0.069444 0.974849
0 0.015104 0.188889 0.029167 0.050000 0.588811
0 0.140104 0.111111 0.033854 0.037963 0.539102
