0 0.355729 0.483333 0.095312 0.156481 0.999552
0 0.794792 0.674074 0.162500 0.229630 0.999474
0 0.380208 0.322222 0.072396 0.103704 0.998803
0 0.646354 0.897222 0.213021 0.198148 0.998394
0 0.674479 0.449074 0.103646 0.136111 0.998264
0 0.054688 0.166667 0.043750 0.052778 0.998025
0 0.549479 0.562963 0.116667 0.199074 0.997905
3 0.784896 0.252778 0.022396 0.078704 0.813770
0 0.013021 0.222222 0.025521 0.072222 0.807900
0 0.296875 0.972222 0.260938 0.054630 0.783111
0 0.146875 0.137963 0.041667 0.051852 0.773822
0 0.013542 0.188889 0.026563 0.047222 0.548830
3 0.052604 0.128704 0.011979 0.034259 0.363032
