0 0.338021 0.837037 0.176563 0.315741 0.998372
0 0.814583 0.686111 0.180208 0.280556 0.997682
0 0.027083 0.159259 0.043229 0.050000 0.996743
0 0.299479 0.155556 0.087500 0.050000 0.996073
0 0.589583 0.646296 0.152083 0.266667 0.995960
0 0.917188 0.904630 0.160417 0.180556 0.995527
0 0.634896 0.873148 0.205729 0.248148 0.992162
0 0.107813 0.159259 0.044792 0.052778 0.991969
0 0.482292 0.055556 0.020833 0.028704 0.887435
0 0.565625 0.072222 0.018750 0.030556 0.821269
0 0.544792 0.037037 0.015104 0.020370 0.730480
0 0.097917 0.141667 0.039583 0.045370 0.561435
0 0.516667 0.037963 0.016146 0.018519 0.420563
