0 0.782812 0.634259 0.144792 0.218519 0.998816
0 0.341667 0.597222 0.151562 0.315741 0.997729
0 0.649479 0.831481 0.227083 0.323148 0.997665
0 0.126042 0.141667 0.040104 0.058333 0.988180
0 0.916146 0.927778 0.163021 0.140741 0.987624
3 0.642187 0.286111 0.046354 0.093519 0.982424
0 0.470313 0.099074 0.027604 0.037963 0.956642
0 0.529688 0.087963 0.024479 0.032407 0.937375
4 0.079167 0.264815 0.076563 0.091667 0.924835
0 0.536979 0.063889 0.020312 0.025926 0.812651
3 0.879687 0.590741 0.035937 0.184259 0.809115
0 0.298438 0.975926 0.229687 0.048148 0.709279
0 0.463542 0.075000 0.023958 0.025926 0.698337
0 0.526563 0.044444 0.017708 0.025000 0.292593
