0 0.321354 0.725926 0.143750 0.253704 0.999267
0 0.529688 0.486111 0.107292 0.177778 0.999224
0 0.688021 0.458333 0.111979 0.151852 0.999001
0 0.355729 0.310185 0.070312 0.099074 0.998933
0 0.619792 0.337037 0.080729 0.107407 0.998303
0 0.567187 0.226852 0.053646 0.076852 0.997810
0 0.405729 0.139815 0.037500 0.050926 0.996927
0 0.498958 0.325000 0.073958 0.100000 0.996862
0 0.391146 0.198148 0.046354 0.061111 0.995907
0 0.084375 0.165741 0.050000 0.069444 0.994590
0 0.475521 0.127778 0.034896 0.044444 0.993014
0 0.139062 0.140741 0.034375 0.051852 0.991886
0 0.648438 0.919444 0.216146 0.161111 0.989413
3 0.818229 0.271296 0.020312 0.091667 0.947351
0 0.111458 0.121296 0.036979 0.040741 0.927912
0 0.244271 0.088889 0.030208 0.037037 0.436195
