0 0.352604 0.640741 0.131771 0.237037 0.999897
0 0.595833 0.695370 0.140104 0.234259 0.999283
0 0.804167 0.658333 0.174479 0.224074 0.998503
0 0.233854 0.279630 0.131771 0.082407 0.998501
0 0.131250 0.329630 0.142188 0.100926 0.997854
0 0.914062 0.901852 0.171354 0.191667 0.996007
0 0.425521 0.174074 0.045313 0.055556 0.995117
0 0.028646 0.213889 0.054688 0.062037 0.994092
0 0.053125 0.167593 0.043750 0.050926 0.991865
0 0.316146 0.914815 0.197917 0.170370 0.991669
0 0.285937 0.149074 0.085417 0.062963 0.989405
0 0.360938 0.214815 0.081771 0.096296 0.984749
2 0.429167 0.112963 0.049479 0.090741 0.946450
5 0.194271 0.223148 0.019792 0.070370 0.855775
5 0.233854 0.214815 0.021875 0.067593 0.718848
0 0.015104 0.187963 0.029687 0.056481 0.647046
0 0.650000 0.969444 0.218229 0.060185 0.594341
0 0.034896 0.151852 0.039062 0.040741 0.514528
2 0.518229 0.060185 0.027604 0.037037 0.254956
