0 0.578646 0.567593 0.118750 0.212037 0.999018
0 0.382812 0.337963 0.070833 0.112037 0.997671
0 0.389583 0.171296 0.042188 0.058333 0.997359
0 0.436458 0.099074 0.028646 0.037963 0.997151
0 0.399479 0.122222 0.034375 0.039815 0.996963
0 0.465625 0.128704 0.032812 0.047222 0.992566
0 0.486979 0.110185 0.027083 0.038889 0.983527
0 0.479688 0.194444 0.048437 0.058333 0.976707
0 0.165104 0.111111 0.033854 0.037963 0.945706
1 0.536979 0.120370 0.053646 0.100000 0.926820
0 0.447917 0.081481 0.025521 0.031481 0.885384
0 0.495833 0.053704 0.021354 0.022222 0.634854
0 0.495833 0.090741 0.028646 0.036111 0.630020
