0 0.260938 0.263889 0.103125 0.080556 0.999772
0 0.338021 0.837037 0.176042 0.313889 0.998760
0 0.409375 0.253704 0.079687 0.078704 0.998389
0 0.815104 0.687037 0.180208 0.281481 0.997847
0 0.917188 0.904630 0.159896 0.181481 0.995562
0 0.386458 0.156481 0.041667 0.051852 0.995548
0 0.589063 0.646296 0.152083 0.268519 0.995471
0 0.433854 0.180556 0.044792 0.062037 0.995001
0 0.389062 0.107407 0.032292 0.042593 0.995000
0 0.345313 0.199074 0.050000 0.063889 0.991641
0 0.495313 0.112037 0.028646 0.038889 0.991530
0 0.634896 0.873148 0.204688 0.247222 0.991109
0 0.548958 0.171296 0.043229 0.057407 0.990389
0 0.434896 0.099074 0.028125 0.033333 0.987134
3 0.454167 0.310185 0.038021 0.100000 0.983299
0 0.535417 0.092593 0.027604 0.035185 0.963336
4 0.683333 0.246296 0.068750 0.079630 0.943418
0 0.220833 0.144444 0.087500 0.049074 0.906521
0 0.481771 0.091667 0.025000 0.033333 0.884715
3 0.559896 0.074074 0.007812 0.034259 0.358819
