0 0.258333 0.256481 0.100000 0.080556 0.999794
0 0.836458 0.707407 0.168750 0.237963 0.999052
2 0.391146 0.146296 0.079687 0.157407 0.998285
2 0.508333 0.180556 0.125521 0.201852 0.994960
0 0.029167 0.209259 0.052083 0.065741 0.960212
0 0.436979 0.098148 0.033854 0.045370 0.921870
2 0.092188 0.149074 0.111458 0.109259 0.885317
4 0.695312 0.236111 0.047396 0.090741 0.870407
1 0.025521 0.146296 0.050521 0.111111 0.822729
0 0.370833 0.971296 0.224479 0.057407 0.559079
3 0.236458 0.205556 0.028646 0.060185 0.440043
