0 0.359896 0.665741 0.139062 0.232407 0.999795
0 0.376042 0.146296 0.071354 0.063889 0.999234
0 0.570312 0.657407 0.138542 0.212037 0.999084
0 0.799479 0.675000 0.160417 0.221296 0.998989
0 0.467708 0.112963 0.031771 0.044444 0.996432
0 0.507812 0.074074 0.020833 0.029630 0.994762
0 0.022917 0.217593 0.045313 0.059259 0.993996
0 0.523958 0.098148 0.023438 0.035185 0.974058
0 0.239583 0.147222 0.108854 0.066667 0.965431
0 0.507292 0.040741 0.018229 0.025926 0.851068
0 0.392708 0.111111 0.040625 0.055556 0.822059
0 0.551042 0.026852 0.015104 0.023148 0.453522
