0 0.549479 0.545370 0.115104 0.175926 0.999830
0 0.329167 0.603704 0.136979 0.184259 0.999202
0 0.622396 0.799074 0.183854 0.287963 0.998132
0 0.804688 0.646296 0.181250 0.241667 0.996247
2 0.534896 0.066667 0.039583 0.105556 0.995483
0 0.016146 0.193519 0.031771 0.055556 0.995287
0 0.079167 0.135185 0.033333 0.043519 0.992715
0 0.106771 0.156481 0.041146 0.046296 0.985806
0 0.123438 0.122222 0.033333 0.043519 0.985585
0 0.915625 0.887037 0.168750 0.225926 0.983404
0 0.327604 0.832407 0.240104 0.334259 0.957026
2 0.260417 0.127778 0.255729 0.149074 0.859476
