0 0.580208 0.702778 0.160417 0.252778 0.999836
0 0.357812 0.676852 0.138021 0.219444 0.999829
0 0.816667 0.716667 0.195833 0.252778 0.998605
0 0.094792 0.118519 0.033854 0.037037 0.994922
0 0.025521 0.214815 0.050000 0.066667 0.985905
0 0.340625 0.898148 0.207813 0.199074 0.984866
0 0.658854 0.916667 0.234896 0.165741 0.982593
0 0.508333 0.064815 0.022396 0.029630 0.980974
3 0.639583 0.275926 0.030729 0.103704 0.966793
0 0.934375 0.955556 0.128125 0.088889 0.940740
2 0.415104 0.121296 0.097396 0.098148 0.926091
