0 0.476562 0.293519 0.064062 0.103704 0.999473
0 0.602604 0.286111 0.069271 0.090741 0.999129
0 0.338021 0.238889 0.056250 0.079630 0.998910
0 0.479688 0.098148 0.029167 0.040741 0.997229
0 0.113021 0.128704 0.036458 0.053704 0.995535
0 0.056250 0.186111 0.048437 0.077778 0.993403
0 0.391146 0.195370 0.046354 0.081481 0.993074
0 0.168750 0.122222 0.032812 0.045370 0.991247
0 0.421875 0.109259 0.030208 0.041667 0.990951
0 0.462500 0.154630 0.036458 0.051852 0.990804
1 0.531250 0.102778 0.050000 0.116667 0.981419
0 0.003125 0.206481 0.005208 0.063889 0.652048
1 0.874479 0.726852 0.250521 0.545370 0.543088
