0 0.569271 0.600000 0.136458 0.212037 0.999747
0 0.326562 0.829630 0.152083 0.280556 0.999447
0 0.790625 0.661111 0.160417 0.196296 0.999415
0 0.475521 0.350926 0.084375 0.115741 0.999356
0 0.330729 0.237037 0.055729 0.078704 0.998986
0 0.618750 0.348148 0.086979 0.112037 0.998959
0 0.483333 0.243519 0.057292 0.077778 0.998684
0 0.533333 0.184259 0.048437 0.064815 0.998410
0 0.582812 0.249074 0.060938 0.079630 0.998233
0 0.370833 0.129630 0.040104 0.050926 0.997116
0 0.459896 0.159259 0.040625 0.053704 0.994124
0 0.034896 0.200000 0.055208 0.072222 0.992588
0 0.426562 0.112963 0.032292 0.044444 0.991626
0 0.008854 0.168519 0.016667 0.057407 0.972318
0 0.403125 0.087963 0.027083 0.035185 0.934452
0 0.536979 0.140741 0.039062 0.048148 0.902203
0 0.460417 0.126852 0.033333 0.037963 0.764912
0 0.532292 0.123148 0.035417 0.044444 0.439345
