0 0.356250 0.699074 0.133854 0.225000 0.999811
0 0.627083 0.900926 0.201562 0.197222 0.999444
0 0.788542 0.641667 0.172396 0.222222 0.999238
0 0.591146 0.650926 0.144271 0.226852 0.999024
0 0.065625 0.155556 0.041146 0.047222 0.996511
0 0.925000 0.898148 0.149479 0.192593 0.988979
0 0.114583 0.119444 0.033333 0.037963 0.988916
2 0.530208 0.087037 0.043750 0.112037 0.986334
0 0.023438 0.185185 0.042188 0.052778 0.981488
0 0.397396 0.125000 0.073958 0.087037 0.963740
0 0.226042 0.099074 0.030729 0.035185 0.888783
0 0.332812 0.964815 0.241146 0.070370 0.872700
0 0.004688 0.204630 0.008333 0.052778 0.672324
2 0.363021 0.315741 0.479167 0.111111 0.641389
