0 0.642187 0.387963 0.093750 0.116667 0.999293
0 0.626042 0.812963 0.169271 0.267593 0.999081
0 0.352604 0.440741 0.089583 0.144444 0.998917
0 0.497917 0.348148 0.083854 0.118519 0.998441
0 0.430729 0.221296 0.052083 0.075000 0.998435
0 0.508854 0.132407 0.035417 0.046296 0.995358
0 0.472917 0.171296 0.040625 0.055556 0.994400
0 0.546875 0.171296 0.040625 0.056481 0.992865
0 0.363021 0.155556 0.038542 0.050926 0.992059
0 0.560938 0.226852 0.053646 0.071296 0.991874
0 0.401042 0.087963 0.028646 0.037963 0.987877
0 0.445312 0.088889 0.027083 0.037037 0.976370
0 0.123438 0.148148 0.039062 0.052778 0.972868
0 0.467187 0.116667 0.031250 0.044444 0.965212
0 0.533333 0.112037 0.029687 0.045370 0.944602
0 0.439583 0.059259 0.021875 0.027778 0.912332
0 0.127083 0.113889 0.032292 0.033333 0.625591
0 0.334896 0.991667 0.170833 0.016667 0.283456
