0 0.360417 0.664815 0.137500 0.218519 0.999771
0 0.520833 0.284259 0.066667 0.089815 0.999140
0 0.385938 0.253704 0.060938 0.090741 0.998738
0 0.306250 0.350000 0.073958 0.126852 0.997774
0 0.478125 0.203704 0.046354 0.066667 0.997000
0 0.435417 0.112037 0.031250 0.038889 0.996572
0 0.078646 0.178704 0.048437 0.057407 0.993591
0 0.107813 0.132407 0.036979 0.044444 0.990639
0 0.491146 0.092593 0.025521 0.030556 0.986837
0 0.504687 0.071296 0.020312 0.025926 0.984436
0 0.536979 0.077778 0.022396 0.027778 0.982859
0 0.158854 0.112037 0.032292 0.041667 0.956225
0 0.482812 0.054630 0.019271 0.024074 0.939832
0 0.444792 0.054630 0.020312 0.027778 0.930109
0 0.447396 0.088889 0.025000 0.029630 0.814353
0 0.495833 0.043519 0.018229 0.020370 0.782069
