0 0.548437 0.542593 0.115625 0.179630 0.999701
0 0.747917 0.546296 0.153125 0.210185 0.999638
0 0.330729 0.599074 0.134896 0.190741 0.999249
0 0.622396 0.799074 0.183333 0.287963 0.998126
0 0.915625 0.876852 0.168229 0.245370 0.990967
0 0.050521 0.195370 0.053646 0.062963 0.990350
0 0.060938 0.150000 0.046354 0.049074 0.969350
0 0.327604 0.832407 0.236979 0.333333 0.958514
0 0.016667 0.167593 0.032292 0.053704 0.950206
0 0.011979 0.196296 0.022917 0.061111 0.847292
2 0.392708 0.111111 0.319792 0.144444 0.793723
2 0.536458 0.050926 0.041667 0.087037 0.631159
