0 0.523438 0.496296 0.111458 0.168519 0.999783
0 0.698438 0.487037 0.123958 0.159259 0.999652
0 0.555208 0.233333 0.058854 0.080556 0.998951
0 0.314583 0.332407 0.069792 0.107407 0.998771
0 0.498958 0.311111 0.068750 0.098148 0.998615
0 0.024479 0.209259 0.047917 0.070370 0.997432
0 0.657292 0.889815 0.226042 0.216667 0.996807
0 0.625521 0.332407 0.075521 0.102778 0.996452
0 0.417188 0.133333 0.036979 0.050000 0.995445
0 0.467187 0.200000 0.047917 0.066667 0.994894
0 0.078646 0.175000 0.048958 0.059259 0.989642
0 0.360938 0.175000 0.045313 0.061111 0.988161
0 0.060417 0.137963 0.036458 0.046296 0.988022
0 0.465104 0.152778 0.039062 0.048148 0.985788
0 0.376042 0.113889 0.032292 0.043519 0.967675
0 0.550000 0.174074 0.041667 0.050926 0.958154
0 0.927604 0.925926 0.143750 0.148148 0.947428
0 0.533333 0.142593 0.036458 0.048148 0.918919
0 0.235938 0.093519 0.025521 0.033333 0.568269
