0 0.775000 0.598148 0.154167 0.208333 0.999854
0 0.354688 0.612037 0.129167 0.222222 0.999837
0 0.595312 0.695370 0.139062 0.234259 0.999265
0 0.904167 0.877778 0.191667 0.238889 0.998090
0 0.321354 0.878704 0.194792 0.242593 0.996788
0 0.027604 0.213889 0.053125 0.062037 0.996205
0 0.531250 0.109259 0.030208 0.050926 0.996084
0 0.064583 0.180556 0.053646 0.060185 0.976690
0 0.100000 0.161111 0.040104 0.053704 0.975976
3 0.686458 0.175000 0.013021 0.068519 0.966179
3 0.715104 0.185185 0.016146 0.076852 0.924141
0 0.015104 0.188889 0.029687 0.056481 0.851433
0 0.036458 0.151852 0.042708 0.039815 0.614660
0 0.472396 0.041667 0.018229 0.027778 0.603248
0 0.175521 0.126852 0.032812 0.037037 0.551951
0 0.659896 0.970370 0.234896 0.059259 0.551941
0 0.090104 0.149074 0.040625 0.043519 0.366248
0 0.160938 0.112037 0.032812 0.037037 0.298642
0 0.052083 0.166667 0.040625 0.045370 0.253529
