0 0.378646 0.635185 0.131771 0.211111 0.999763
0 0.647917 0.834259 0.166146 0.329630 0.995067
0 0.035937 0.198148 0.051042 0.069444 0.994228
0 0.016146 0.166667 0.031250 0.051852 0.991245
0 0.484896 0.101852 0.028646 0.037963 0.991217
0 0.435417 0.094444 0.027083 0.036111 0.955021
3 0.545833 0.089815 0.009896 0.037037 0.890397
0 0.178125 0.145370 0.033333 0.054630 0.805235
3 0.810417 0.296296 0.031771 0.091667 0.706018
0 0.516146 0.037963 0.020312 0.027778 0.671517
2 0.338021 0.139815 0.109375 0.099074 0.671052
