0 0.356771 0.527778 0.116146 0.196296 0.999552
0 0.567708 0.637037 0.135417 0.223148 0.999542
0 0.875521 0.755556 0.176042 0.229630 0.998762
0 0.736458 0.528704 0.133333 0.177778 0.998709
0 0.644792 0.882407 0.204167 0.235185 0.996759
0 0.083333 0.171296 0.044271 0.059259 0.993698
0 0.028646 0.212963 0.056771 0.064815 0.992519
0 0.302604 0.918519 0.203125 0.162037 0.990775
0 0.049479 0.155556 0.040625 0.054630 0.980673
0 0.918229 0.927778 0.161979 0.138889 0.975012
0 0.127604 0.148148 0.039062 0.050926 0.939023
0 0.178125 0.107407 0.024479 0.030556 0.779966
0 0.016146 0.188889 0.031771 0.054630 0.738980
0 0.247396 0.085185 0.024479 0.030556 0.723089
0 0.530208 0.028704 0.015625 0.022222 0.607968
0 0.102604 0.139815 0.034375 0.040741 0.295504
