0 0.536458 0.448148 0.102604 0.161111 0.999502
0 0.395833 0.257407 0.059896 0.084259 0.999430
0 0.473437 0.121296 0.031771 0.041667 0.997542
0 0.083854 0.136111 0.039062 0.040741 0.987832
0 0.514583 0.077778 0.025000 0.032407 0.972022
0 0.452604 0.083333 0.024479 0.037037 0.957289
0 0.169792 0.152778 0.034896 0.049074 0.911473
0 0.501042 0.042593 0.019792 0.023148 0.833197
0 0.473958 0.060185 0.021875 0.034259 0.660564
0 0.521875 0.046296 0.017708 0.025000 0.617366
2 0.279687 0.147222 0.116146 0.065741 0.527829
0 0.550000 0.032407 0.015625 0.023148 0.287670
