0 0.502083 0.245370 0.059375 0.088889 0.999273
0 0.328646 0.857407 0.170312 0.279630 0.998870
0 0.581250 0.224074 0.053646 0.075926 0.998694
0 0.391667 0.279630 0.070833 0.100926 0.998544
0 0.435417 0.112037 0.030729 0.043519 0.997038
0 0.016667 0.223148 0.032812 0.067593 0.994161
0 0.478125 0.062963 0.020312 0.025926 0.988563
0 0.510417 0.085185 0.023958 0.033333 0.983279
0 0.076042 0.151852 0.041667 0.050926 0.978088
0 0.473437 0.135185 0.043229 0.086111 0.972861
0 0.510938 0.055556 0.019271 0.026852 0.950863
0 0.537500 0.040741 0.015625 0.021296 0.834160
0 0.491667 0.051852 0.018750 0.022222 0.763695
0 0.556771 0.046296 0.016146 0.021296 0.703851
2 0.033854 0.119444 0.066146 0.097222 0.574430
0 0.178646 0.137963 0.033333 0.051852 0.405612
