0 0.708854 0.494444 0.133333 0.196296 0.999332
0 0.516667 0.400000 0.093750 0.137037 0.999051
0 0.609375 0.644444 0.138542 0.271296 0.998897
0 0.327083 0.775926 0.182292 0.350000 0.995279
0 0.044271 0.200000 0.052604 0.062963 0.994495
0 0.095312 0.165741 0.042708 0.052778 0.994070
0 0.603646 0.340741 0.081771 0.103704 0.990982
2 0.371875 0.375000 0.097396 0.203704 0.951934
0 0.140104 0.141667 0.039583 0.047222 0.894100
0 0.014062 0.188889 0.027083 0.063889 0.808812
4 0.575521 0.166667 0.021354 0.073148 0.570859
0 0.523958 0.033333 0.017708 0.021296 0.485542
0 0.158854 0.112037 0.032812 0.036111 0.455064
0 0.041146 0.161111 0.041667 0.044444 0.421275
