0 0.778646 0.620370 0.148438 0.204630 0.999291
0 0.102604 0.304630 0.122917 0.104630 0.999075
0 0.611979 0.875000 0.185417 0.250000 0.998432
0 0.350521 0.662037 0.135937 0.279630 0.997806
0 0.925000 0.879630 0.149479 0.238889 0.996371
0 0.485417 0.196296 0.050000 0.070370 0.996346
0 0.385938 0.183333 0.053125 0.080556 0.996204
0 0.093750 0.117593 0.036979 0.041667 0.994974
0 0.471875 0.132407 0.034896 0.048148 0.991891
0 0.301562 0.233333 0.089062 0.090741 0.979462
3 0.657292 0.148148 0.013542 0.056481 0.855076
0 0.222396 0.151852 0.080729 0.046296 0.511946
