0 0.348437 0.216667 0.059896 0.066667 0.998844
0 0.256771 0.295370 0.127604 0.101852 0.998713
0 0.338021 0.837037 0.176563 0.313889 0.998116
0 0.439583 0.228704 0.067708 0.078704 0.997505
0 0.814583 0.687037 0.180208 0.281481 0.997112
0 0.588542 0.659259 0.149479 0.272222 0.997032
0 0.444271 0.129630 0.048437 0.044444 0.996697
0 0.918750 0.906482 0.155729 0.180556 0.995454
0 0.644271 0.889815 0.213542 0.219444 0.986864
3 0.551562 0.137037 0.013542 0.051852 0.942050
4 0.696875 0.244444 0.067188 0.075000 0.920806
0 0.220313 0.144444 0.088542 0.046296 0.869012
0 0.240625 0.253704 0.105208 0.078704 0.838511
2 0.554167 0.074074 0.027604 0.042593 0.280590
