0 0.544271 0.535185 0.111458 0.172222 0.999524
0 0.354167 0.534259 0.111979 0.224074 0.998951
0 0.483854 0.323148 0.077604 0.115741 0.998917
0 0.359896 0.351852 0.073958 0.116667 0.997315
0 0.312500 0.908333 0.188021 0.183333 0.996700
0 0.080208 0.158333 0.057813 0.094444 0.995370
0 0.029687 0.162963 0.058333 0.098148 0.993500
0 0.611458 0.838889 0.179688 0.317593 0.992222
1 0.628125 0.260185 0.146875 0.305556 0.986464
0 0.159896 0.116667 0.031771 0.036111 0.942445
2 0.552083 0.022222 0.020833 0.035185 0.315747
