0 0.592708 0.696296 0.150000 0.228704 0.998945
0 0.354688 0.152778 0.084896 0.059259 0.997984
0 0.350521 0.836111 0.162500 0.317593 0.997874
0 0.366146 0.598148 0.135417 0.237963 0.997683
0 0.825521 0.681481 0.186458 0.261111 0.997504
0 0.028646 0.206481 0.056771 0.067593 0.996881
0 0.444792 0.131481 0.038542 0.049074 0.994678
0 0.080729 0.122222 0.031250 0.037037 0.989959
2 0.516667 0.082407 0.045313 0.110185 0.976185
0 0.928646 0.933333 0.136979 0.133333 0.975620
0 0.041146 0.166667 0.046875 0.050000 0.972095
0 0.686458 0.957407 0.222396 0.081481 0.937862
0 0.467708 0.055556 0.020312 0.025000 0.878577
0 0.227083 0.097222 0.032812 0.035185 0.732095
0 0.139062 0.126852 0.032812 0.037963 0.675180
0 0.494271 0.051852 0.016146 0.025000 0.545296
0 0.208854 0.147222 0.073958 0.050926 0.489622
