0 0.695833 0.456481 0.105208 0.148148 0.999851
0 0.359896 0.413889 0.081250 0.132407 0.999740
0 0.331771 0.684259 0.145313 0.247222 0.999589
0 0.386458 0.240741 0.058854 0.100000 0.999290
0 0.485938 0.375000 0.076563 0.144444 0.999289
0 0.580729 0.609259 0.136458 0.188889 0.999158
0 0.588021 0.267593 0.067188 0.097222 0.997544
0 0.082292 0.122222 0.033854 0.039815 0.997259
0 0.411979 0.162037 0.045833 0.061111 0.992877
0 0.470833 0.188889 0.048958 0.066667 0.992617
0 0.478125 0.138889 0.038021 0.048148 0.992426
0 0.408333 0.104630 0.036979 0.053704 0.987961
0 0.448438 0.083333 0.028125 0.034259 0.980867
0 0.484375 0.100926 0.027604 0.037037 0.978084
0 0.530208 0.100926 0.032292 0.049074 0.917209
0 0.501042 0.068519 0.021875 0.032407 0.917065
0 0.546875 0.155556 0.036979 0.061111 0.911430
0 0.522396 0.050926 0.020833 0.027778 0.783241
0 0.758333 0.986111 0.232292 0.026852 0.384507
0 0.549479 0.036111 0.016146 0.025000 0.344722
