0 0.541667 0.411111 0.083333 0.122222 0.999736
0 0.583854 0.675000 0.148958 0.209259 0.999588
0 0.372917 0.458333 0.108854 0.168519 0.999547
0 0.373958 0.295370 0.068229 0.095370 0.999520
0 0.546875 0.176852 0.042188 0.061111 0.998920
0 0.392188 0.218519 0.049479 0.068519 0.997336
0 0.489062 0.246296 0.054167 0.099074 0.997269
0 0.436458 0.180556 0.044271 0.058333 0.991037
0 0.113021 0.104630 0.029687 0.035185 0.988904
0 0.121875 0.149074 0.039583 0.055556 0.986749
0 0.018750 0.185185 0.036458 0.059259 0.986607
0 0.301562 0.953704 0.219271 0.089815 0.977819
2 0.490104 0.086111 0.048958 0.115741 0.945364
0 0.416146 0.138889 0.034375 0.050926 0.934520
0 0.418229 0.112963 0.033333 0.040741 0.928091
0 0.078125 0.123148 0.031771 0.035185 0.907100
0 0.226562 0.097222 0.030729 0.032407 0.497590
