0 0.352083 0.636111 0.130729 0.201852 0.999716
0 0.579687 0.638889 0.138021 0.241667 0.997900
0 0.484375 0.100926 0.028125 0.037037 0.996457
0 0.463542 0.069444 0.021354 0.030556 0.965956
0 0.533854 0.070370 0.020312 0.030556 0.949852
0 0.483333 0.052778 0.019792 0.029630 0.880353
0 0.512500 0.059259 0.019271 0.027778 0.878061
5 0.066146 0.247222 0.019271 0.087037 0.774281
0 0.554688 0.046296 0.014583 0.024074 0.591235
0 0.003125 0.159259 0.005208 0.054630 0.537194
0 0.534375 0.036111 0.015625 0.022222 0.520321
0 0.501042 0.033333 0.015625 0.020370 0.380566
