0 0.638542 0.388889 0.093229 0.132407 0.998915
0 0.414583 0.138889 0.040104 0.050926 0.996636
0 0.482812 0.127778 0.035417 0.043519 0.992042
3 0.227083 0.263889 0.032812 0.084259 0.991035
0 0.025521 0.203704 0.050000 0.080556 0.984428
0 0.476042 0.060185 0.020312 0.026852 0.892740
3 0.944792 0.392593 0.027083 0.129630 0.890925
0 0.501042 0.039815 0.018229 0.021296 0.719374
0 0.180208 0.121296 0.022917 0.034259 0.542525
0 0.555729 0.039815 0.016667 0.021296 0.458354
0 0.518229 0.036111 0.016667 0.017593 0.346689
