0 0.353646 0.429630 0.091146 0.140741 0.999836
0 0.487500 0.208333 0.048437 0.069444 0.997517
0 0.395833 0.197222 0.048958 0.074074 0.996932
0 0.540625 0.110185 0.029167 0.038889 0.994742
0 0.617708 0.332407 0.077083 0.103704 0.993899
0 0.423958 0.116667 0.032292 0.045370 0.989763
0 0.492188 0.102778 0.033333 0.052778 0.987901
0 0.453125 0.080556 0.023958 0.032407 0.987322
0 0.475000 0.053704 0.020833 0.029630 0.904417
0 0.550000 0.052778 0.016667 0.024074 0.898261
0 0.507292 0.052778 0.021354 0.027778 0.626863
0 0.535417 0.039815 0.015104 0.024074 0.441285
0 0.503125 0.063889 0.021875 0.029630 0.383159
0 0.525521 0.031481 0.013021 0.020370 0.256993
