0 0.382812 0.409259 0.088542 0.132407 0.999807
0 0.395312 0.257407 0.062500 0.081481 0.999512
0 0.034896 0.156481 0.041667 0.045370 0.998525
0 0.407813 0.139815 0.038021 0.046296 0.997625
0 0.561458 0.187037 0.044792 0.061111 0.996675
0 0.490625 0.213889 0.047396 0.085185 0.995706
0 0.105208 0.142593 0.061979 0.085185 0.993600
0 0.434375 0.100926 0.030208 0.034259 0.985217
0 0.487500 0.094444 0.026563 0.038889 0.961994
0 0.476562 0.170370 0.040625 0.053704 0.953572
0 0.472917 0.060185 0.019792 0.024074 0.944666
0 0.542708 0.091667 0.032812 0.055556 0.944153
0 0.513021 0.085185 0.024479 0.031481 0.847293
0 0.006771 0.204630 0.013021 0.071296 0.790716
0 0.491146 0.045370 0.020312 0.023148 0.562181
0 0.514583 0.038889 0.017708 0.021296 0.545935
0 0.175000 0.107407 0.031250 0.033333 0.417457
