0 0.318229 0.681481 0.133854 0.237037 0.999675
0 0.579687 0.646296 0.145313 0.237963 0.999478
2 0.476562 0.087963 0.044792 0.108333 0.994935
0 0.396875 0.175926 0.046354 0.062037 0.993596
0 0.408333 0.139815 0.038542 0.044444 0.982366
2 0.168750 0.222222 0.288542 0.230556 0.931968
1 0.830208 0.631481 0.321354 0.536111 0.897714
3 0.667708 0.137037 0.011979 0.050926 0.867515
3 0.552083 0.063889 0.008333 0.031481 0.803204
3 0.543750 0.099074 0.010417 0.048148 0.595338
3 0.823438 0.301852 0.018750 0.064815 0.420996
0 0.006250 0.139815 0.011979 0.051852 0.418548
