0 0.348437 0.782407 0.155729 0.261111 0.999736
0 0.544271 0.464815 0.100000 0.161111 0.999696
0 0.343750 0.447222 0.092708 0.142593 0.999621
0 0.608333 0.783333 0.164062 0.263889 0.999266
0 0.015625 0.161111 0.030729 0.057407 0.997425
0 0.708333 0.452778 0.138542 0.260185 0.994960
0 0.614062 0.325000 0.078646 0.097222 0.985709
0 0.051042 0.185185 0.053125 0.075000 0.983231
0 0.233854 0.091667 0.030729 0.037963 0.846986
2 0.515625 0.044444 0.034375 0.069444 0.843244
5 0.051042 0.244444 0.017708 0.079630 0.806360
5 0.065104 0.253704 0.015625 0.074074 0.712712
3 0.553646 0.074074 0.008854 0.037963 0.576185
