0 0.337500 0.774074 0.155729 0.287963 0.999664
0 0.496875 0.207407 0.053646 0.102778 0.998998
0 0.591667 0.251852 0.058854 0.078704 0.998069
0 0.398438 0.204630 0.050521 0.076852 0.998034
0 0.611979 0.819444 0.173958 0.264815 0.997432
0 0.418229 0.128704 0.033333 0.043519 0.994013
0 0.520312 0.080556 0.023438 0.029630 0.990379
0 0.482812 0.158333 0.039583 0.056481 0.988197
0 0.482292 0.093519 0.027083 0.037963 0.984927
0 0.451042 0.070370 0.024479 0.031481 0.972942
0 0.168229 0.121296 0.035417 0.050926 0.971947
0 0.429167 0.090741 0.026563 0.037963 0.962365
0 0.493229 0.071296 0.021875 0.029630 0.876776
0 0.494271 0.044444 0.019792 0.023148 0.734406
0 0.554688 0.046296 0.015625 0.023148 0.651514
0 0.482812 0.054630 0.020312 0.025000 0.461975
0 0.530208 0.028704 0.016667 0.024074 0.265836
