0 0.390625 0.739815 0.140104 0.297222 0.999261
0 0.479167 0.200000 0.044792 0.076852 0.998294
0 0.482292 0.132407 0.031771 0.044444 0.997534
0 0.489062 0.084259 0.022396 0.029630 0.996008
0 0.084896 0.148148 0.043229 0.050926 0.994780
0 0.405208 0.247222 0.066667 0.141667 0.993107
0 0.455208 0.104630 0.027083 0.036111 0.991537
0 0.414583 0.123148 0.034896 0.040741 0.971893
0 0.444792 0.077778 0.022917 0.028704 0.964677
0 0.123438 0.104630 0.028646 0.034259 0.964526
0 0.503646 0.065741 0.019271 0.027778 0.949348
2 0.543750 0.041667 0.030729 0.059259 0.906291
0 0.443750 0.053704 0.019271 0.024074 0.874777
0 0.410417 0.154630 0.042188 0.050926 0.855712
0 0.479688 0.058333 0.019792 0.025000 0.828315
0 0.518229 0.044444 0.016146 0.025000 0.778484
0 0.179688 0.143519 0.031250 0.048148 0.544992
2 0.244792 0.148148 0.127604 0.072222 0.409451
