0 0.350521 0.760185 0.160938 0.278704 0.999319
0 0.385938 0.272222 0.061979 0.085185 0.999137
0 0.565104 0.528704 0.108854 0.190741 0.999114
0 0.120833 0.125926 0.036458 0.050926 0.994909
0 0.389583 0.175000 0.042708 0.075000 0.987733
0 0.466146 0.138889 0.034375 0.053704 0.987668
0 0.425000 0.102778 0.028125 0.045370 0.970857
0 0.536458 0.075926 0.020833 0.029630 0.952822
0 0.455729 0.074074 0.024479 0.032407 0.947970
0 0.485938 0.046296 0.020312 0.028704 0.913719
0 0.402083 0.132407 0.035937 0.046296 0.906009
0 0.485417 0.120370 0.026563 0.039815 0.858330
0 0.684375 0.891667 0.267708 0.215741 0.855631
0 0.472917 0.064815 0.020833 0.028704 0.621551
0 0.543229 0.054630 0.017708 0.026852 0.577623
0 0.473437 0.093519 0.025521 0.030556 0.525479
