0 0.514063 0.382407 0.082813 0.129630 0.998667
0 0.417708 0.175926 0.044792 0.058333 0.996664
0 0.528125 0.104630 0.028646 0.037037 0.995260
0 0.427083 0.103704 0.030208 0.039815 0.990534
0 0.166667 0.120370 0.037500 0.047222 0.990301
0 0.367188 0.112963 0.031771 0.044444 0.990232
0 0.485417 0.091667 0.025000 0.032407 0.985311
0 0.295312 0.969444 0.223438 0.061111 0.957500
0 0.475521 0.050000 0.019271 0.022222 0.886553
0 0.543750 0.042593 0.015625 0.020370 0.877506
0 0.523438 0.050000 0.017708 0.022222 0.829929
0 0.504687 0.043519 0.017708 0.019444 0.681918
