0 0.517708 0.386111 0.083854 0.123148 0.999389
0 0.359896 0.476852 0.102083 0.177778 0.999017
0 0.533854 0.131481 0.031771 0.046296 0.998479
0 0.647396 0.868519 0.188021 0.262037 0.998099
0 0.493750 0.245370 0.058333 0.076852 0.997931
0 0.468229 0.127778 0.033333 0.046296 0.995880
0 0.112500 0.155556 0.045833 0.050926 0.989820
0 0.082813 0.146296 0.035417 0.045370 0.986969
0 0.411979 0.187963 0.047917 0.068519 0.973586
0 0.411979 0.142593 0.038021 0.044444 0.955529
0 0.170833 0.142593 0.038021 0.054630 0.954130
0 0.021354 0.219444 0.042188 0.062037 0.925787
