0 0.348958 0.697222 0.145313 0.250926 0.999682
0 0.810938 0.664815 0.176563 0.223148 0.999627
0 0.596354 0.696296 0.139583 0.235185 0.999312
0 0.028646 0.213889 0.054167 0.062037 0.997114
0 0.066146 0.161111 0.042708 0.051852 0.995238
0 0.021875 0.178704 0.040104 0.046296 0.790747
0 0.225521 0.150926 0.106250 0.058333 0.769562
0 0.132812 0.112037 0.029687 0.035185 0.750973
0 0.530729 0.035185 0.015625 0.021296 0.656250
0 0.005729 0.178704 0.010937 0.055556 0.503326
0 0.551042 0.026852 0.015104 0.021296 0.311553
