0 0.544271 0.485185 0.103125 0.163889 0.999822
0 0.393750 0.261111 0.064583 0.087037 0.999094
0 0.476562 0.185185 0.043750 0.075926 0.997556
0 0.544792 0.147222 0.036458 0.053704 0.996648
0 0.479167 0.116667 0.032812 0.045370 0.995612
0 0.414583 0.126852 0.033854 0.040741 0.992231
2 0.099479 0.106481 0.070833 0.092593 0.984977
0 0.166146 0.141667 0.038542 0.056481 0.976082
0 0.482812 0.055556 0.019792 0.023148 0.931433
0 0.498437 0.088889 0.025000 0.033333 0.930363
0 0.539062 0.054630 0.018229 0.025926 0.908979
0 0.455729 0.075000 0.025521 0.032407 0.816184
