0 0.528125 0.450000 0.106250 0.162037 0.999827
0 0.382812 0.356481 0.088021 0.136111 0.999502
0 0.864583 0.782407 0.190104 0.263889 0.999371
0 0.349479 0.715741 0.147917 0.295370 0.999279
0 0.639583 0.350000 0.086979 0.145370 0.998714
0 0.369792 0.207407 0.057292 0.106481 0.998661
0 0.482812 0.146296 0.037500 0.054630 0.998040
0 0.508333 0.227778 0.055729 0.069444 0.997698
0 0.501562 0.300926 0.072917 0.101852 0.995952
0 0.403125 0.150000 0.041667 0.052778 0.992518
0 0.022396 0.142593 0.041146 0.044444 0.989441
0 0.475000 0.101852 0.031250 0.038889 0.988922
0 0.559896 0.185185 0.056250 0.102778 0.988895
0 0.503646 0.077778 0.023958 0.030556 0.972606
0 0.638542 0.950000 0.228125 0.099074 0.966718
0 0.023438 0.217593 0.045313 0.078704 0.924741
