0 0.550000 0.545370 0.115625 0.175000 0.999840
0 0.329688 0.603704 0.137500 0.184259 0.999280
0 0.622396 0.799074 0.183854 0.288889 0.998407
0 0.101562 0.112037 0.032292 0.037037 0.998116
0 0.811979 0.650000 0.179167 0.242593 0.994859
2 0.523958 0.087963 0.061979 0.115741 0.993520
0 0.016667 0.189815 0.032292 0.060185 0.990566
0 0.916146 0.879630 0.167708 0.240741 0.983379
0 0.328125 0.833333 0.238542 0.333333 0.962371
0 0.485417 0.051852 0.018750 0.025000 0.946430
0 0.022917 0.158333 0.036458 0.047222 0.562346
