0 0.356250 0.744444 0.146354 0.260185 0.999755
0 0.798437 0.667593 0.172396 0.201852 0.999257
0 0.606771 0.621296 0.145313 0.287963 0.996649
0 0.102604 0.161111 0.043750 0.052778 0.995868
0 0.028646 0.208333 0.055729 0.074074 0.994554
0 0.113542 0.122222 0.042188 0.054630 0.915521
0 0.926562 0.896296 0.144271 0.197222 0.855480
1 0.081250 0.109259 0.070833 0.092593 0.847342
0 0.520833 0.047222 0.018750 0.029630 0.786241
2 0.754687 0.862037 0.312500 0.275926 0.730696
0 0.031250 0.176852 0.043750 0.048148 0.639342
0 0.003125 0.226852 0.005729 0.065741 0.284170
