0 0.640104 0.374074 0.089583 0.141667 0.999471
0 0.586979 0.686111 0.132812 0.210185 0.999448
0 0.356771 0.508333 0.121875 0.186111 0.998571
0 0.483854 0.178704 0.044271 0.062963 0.994951
0 0.065625 0.127778 0.034896 0.038889 0.993576
0 0.025521 0.160185 0.038542 0.059259 0.990967
0 0.397917 0.213889 0.063542 0.123148 0.971489
0 0.485938 0.079630 0.022396 0.029630 0.950793
0 0.518750 0.051852 0.019792 0.026852 0.868434
0 0.472917 0.054630 0.018229 0.025926 0.656688
0 0.223438 0.100000 0.030729 0.035185 0.529514
