0 0.607813 0.677778 0.135937 0.270370 0.999379
0 0.380208 0.621296 0.124479 0.211111 0.999338
0 0.660417 0.904630 0.201042 0.190741 0.999057
0 0.356771 0.150926 0.077083 0.051852 0.998456
0 0.030208 0.200000 0.057813 0.069444 0.996254
2 0.525000 0.086111 0.044792 0.110185 0.987888
0 0.133854 0.143519 0.034896 0.048148 0.950359
5 0.809375 0.199074 0.013021 0.066667 0.862529
0 0.041146 0.168519 0.043229 0.051852 0.759320
5 0.823958 0.199074 0.011979 0.073148 0.755605
1 0.122917 0.100926 0.051042 0.078704 0.658410
0 0.551562 0.034259 0.020312 0.055556 0.445000
0 0.015104 0.162037 0.029167 0.051852 0.397043
0 0.185417 0.123148 0.023438 0.032407 0.268937
