0 0.514583 0.380556 0.080729 0.122222 0.999446
0 0.475521 0.253704 0.056250 0.082407 0.999446
0 0.370313 0.496296 0.111979 0.186111 0.999403
0 0.526042 0.119444 0.030729 0.044444 0.999027
0 0.427083 0.167593 0.041667 0.056481 0.998679
0 0.358333 0.309259 0.071875 0.100000 0.998459
0 0.393229 0.128704 0.036458 0.050000 0.996827
0 0.445312 0.111111 0.031250 0.042593 0.996610
0 0.470313 0.150926 0.035417 0.049074 0.995825
0 0.473958 0.061111 0.020833 0.028704 0.994859
0 0.400000 0.087963 0.027083 0.040741 0.961869
0 0.511979 0.052778 0.017708 0.025926 0.943984
0 0.491146 0.085185 0.024479 0.038889 0.916409
0 0.441146 0.079630 0.029687 0.046296 0.848605
0 0.704167 0.930556 0.254687 0.137963 0.698062
2 0.534375 0.059259 0.033333 0.080556 0.608221
0 0.244792 0.102778 0.029687 0.037963 0.583461
0 0.322396 0.933333 0.284896 0.122222 0.509781
0 0.219271 0.144444 0.064062 0.056481 0.413955
