0 0.761979 0.596296 0.149479 0.203704 0.999796
0 0.503646 0.369444 0.089062 0.135185 0.999716
0 0.360938 0.542593 0.112500 0.231481 0.999109
0 0.389583 0.298148 0.070833 0.109259 0.999103
0 0.493229 0.255556 0.063542 0.087963 0.998001
0 0.572917 0.837037 0.172396 0.325000 0.996671
0 0.376563 0.176852 0.050000 0.087963 0.996504
0 0.410417 0.131481 0.036979 0.049074 0.996005
0 0.606250 0.284259 0.070833 0.121296 0.992811
0 0.546354 0.164815 0.048958 0.086111 0.991248
0 0.484375 0.123148 0.032812 0.048148 0.990989
0 0.511979 0.064815 0.021354 0.028704 0.973413
0 0.491146 0.187037 0.046875 0.058333 0.969155
0 0.483333 0.088889 0.028125 0.037037 0.791537
