0 0.356771 0.699074 0.133333 0.225000 0.999809
0 0.627604 0.900926 0.201562 0.197222 0.999426
0 0.789062 0.641667 0.172917 0.224074 0.999301
0 0.591667 0.658333 0.145313 0.227778 0.999107
0 0.065625 0.155556 0.042188 0.048148 0.996671
0 0.925000 0.898148 0.150000 0.193519 0.990660
0 0.273958 0.138889 0.109896 0.089815 0.982287
0 0.023438 0.185185 0.041667 0.052778 0.975710
2 0.516667 0.130556 0.056771 0.150926 0.969620
0 0.333333 0.963889 0.238542 0.071296 0.855344
0 0.004167 0.204630 0.007812 0.052778 0.670161
