0 0.343229 0.709259 0.151562 0.256481 0.999721
0 0.586979 0.658333 0.165625 0.250926 0.999499
0 0.679688 0.904630 0.207813 0.187963 0.999410
0 0.828125 0.686111 0.167187 0.225000 0.999016
0 0.402083 0.117593 0.031771 0.040741 0.997524
0 0.455208 0.098148 0.026563 0.040741 0.992518
0 0.295312 0.911111 0.243229 0.176852 0.984119
2 0.493229 0.069444 0.036979 0.066667 0.974704
0 0.928646 0.861111 0.142188 0.265741 0.962957
0 0.520312 0.061111 0.019271 0.027778 0.884675
0 0.161458 0.116667 0.033333 0.033333 0.873032
0 0.434896 0.075926 0.023958 0.027778 0.826385
