0 0.344271 0.412037 0.093750 0.139815 0.999723
0 0.387500 0.277778 0.058333 0.088889 0.999454
0 0.522917 0.170370 0.043750 0.053704 0.998563
0 0.484896 0.112037 0.030729 0.041667 0.995319
0 0.411458 0.148148 0.037500 0.061111 0.994653
0 0.536458 0.136111 0.038021 0.041667 0.994460
0 0.511458 0.062963 0.019271 0.026852 0.978003
0 0.434896 0.082407 0.029687 0.050926 0.977315
0 0.468750 0.062963 0.019271 0.028704 0.963725
0 0.491667 0.084259 0.024479 0.032407 0.941378
0 0.483854 0.053704 0.019271 0.025926 0.888687
0 0.521354 0.049074 0.015625 0.021296 0.461310
0 0.126042 0.103704 0.030729 0.034259 0.411555
0 0.539583 0.025926 0.013021 0.025000 0.323955
