0 0.778125 0.620370 0.148438 0.205556 0.999282
0 0.611979 0.875000 0.185417 0.250000 0.998425
0 0.350521 0.662037 0.135937 0.280556 0.998074
0 0.405208 0.161111 0.041667 0.052778 0.996079
0 0.923437 0.875000 0.152604 0.250000 0.994066
0 0.286458 0.156481 0.084375 0.055556 0.988754
0 0.505208 0.064815 0.021875 0.030556 0.983764
0 0.440104 0.107407 0.028646 0.040741 0.983700
0 0.416146 0.082407 0.022396 0.033333 0.957468
0 0.156771 0.117593 0.032292 0.035185 0.947520
0 0.457292 0.077778 0.023438 0.036111 0.885822
0 0.539062 0.044444 0.017188 0.025000 0.768545
4 0.104167 0.198148 0.026042 0.063889 0.621061
