0 0.337500 0.837963 0.176563 0.314815 0.998331
0 0.814583 0.686111 0.180729 0.280556 0.997809
0 0.916667 0.904630 0.159896 0.181481 0.995715
0 0.589583 0.646296 0.152083 0.265741 0.995661
0 0.054167 0.145370 0.039062 0.047222 0.994279
0 0.635417 0.873148 0.205208 0.248148 0.992140
0 0.126563 0.150000 0.040104 0.050000 0.924546
0 0.242188 0.157407 0.080208 0.050000 0.907001
0 0.472917 0.063889 0.022396 0.029630 0.830127
0 0.565625 0.072222 0.019271 0.030556 0.803297
0 0.537500 0.040741 0.017188 0.023148 0.775905
0 0.507812 0.041667 0.017188 0.020370 0.756822
0 0.120312 0.130556 0.036979 0.041667 0.711162
