0 0.773958 0.627778 0.156771 0.189815 0.999836
0 0.379687 0.574074 0.122917 0.212037 0.999743
0 0.571875 0.624074 0.140104 0.230556 0.999655
0 0.326042 0.868519 0.204167 0.255556 0.999008
0 0.905729 0.876852 0.188021 0.246296 0.997714
0 0.657812 0.829630 0.178125 0.314815 0.997150
0 0.129167 0.146296 0.036979 0.047222 0.994793
0 0.091667 0.165741 0.046354 0.058333 0.990771
0 0.049479 0.195370 0.057292 0.069444 0.963506
0 0.014062 0.186111 0.027604 0.067593 0.935810
1 0.089062 0.106481 0.066667 0.086111 0.896147
0 0.056250 0.142593 0.038021 0.042593 0.860728
0 0.026563 0.157407 0.033854 0.044444 0.570588
0 0.481771 0.050000 0.024479 0.037963 0.275142
