0 0.379687 0.574074 0.122917 0.212037 0.999755
0 0.572917 0.626852 0.143229 0.235185 0.999735
0 0.494271 0.128704 0.033854 0.053704 0.997592
0 0.109896 0.138889 0.038542 0.046296 0.997375
0 0.467708 0.183333 0.046875 0.070370 0.994934
0 0.318229 0.238889 0.078125 0.075926 0.994684
0 0.058854 0.140741 0.034896 0.039815 0.994357
0 0.052604 0.190741 0.057292 0.070370 0.993212
0 0.163021 0.140741 0.046354 0.070370 0.983020
0 0.014062 0.187963 0.027083 0.066667 0.981773
4 0.281250 0.295370 0.075521 0.097222 0.962122
0 0.515625 0.053704 0.018750 0.025926 0.951128
1 0.091146 0.105556 0.066667 0.081481 0.945971
0 0.030208 0.157407 0.031250 0.044444 0.929196
3 0.347917 0.184259 0.020833 0.068519 0.765817
