0 0.562500 0.583333 0.126563 0.207407 0.999719
0 0.325000 0.619444 0.123958 0.217593 0.998437
0 0.632812 0.869444 0.203125 0.254630 0.998357
0 0.362500 0.879630 0.198437 0.240741 0.997622
0 0.069792 0.162037 0.059375 0.086111 0.992276
0 0.118750 0.148148 0.044792 0.058333 0.992233
0 0.905208 0.914815 0.181771 0.162963 0.987309
2 0.501562 0.053704 0.029167 0.061111 0.962735
0 0.025521 0.150926 0.038542 0.044444 0.956308
0 0.025521 0.213889 0.050000 0.068519 0.943335
1 0.761979 0.480556 0.282813 0.512963 0.895460
2 0.555208 0.035185 0.026042 0.053704 0.723976
0 0.006250 0.141667 0.011458 0.051852 0.254084
