0 0.592708 0.696296 0.150000 0.228704 0.999016
0 0.350521 0.836111 0.162500 0.318519 0.998118
0 0.365625 0.597222 0.135937 0.232407 0.997902
0 0.825000 0.680556 0.185417 0.262963 0.997874
0 0.027604 0.205556 0.054167 0.071296 0.994083
0 0.450000 0.128704 0.043750 0.052778 0.991567
0 0.076042 0.175926 0.051042 0.056481 0.977206
0 0.928646 0.933333 0.138021 0.133333 0.976523
2 0.524479 0.052778 0.033333 0.074074 0.930782
0 0.685938 0.957407 0.222396 0.081481 0.922332
0 0.477604 0.056481 0.021875 0.026852 0.905228
0 0.464583 0.104630 0.031250 0.038889 0.621557
