0 0.510417 0.413889 0.089583 0.130556 0.999806
0 0.416146 0.149074 0.036979 0.059259 0.996978
0 0.527604 0.175926 0.045833 0.062963 0.986132
0 0.492708 0.082407 0.022396 0.035185 0.981940
0 0.430729 0.100926 0.033854 0.050000 0.977585
0 0.513021 0.058333 0.018229 0.025000 0.964839
0 0.459896 0.071296 0.025000 0.031481 0.958905
0 0.170312 0.152778 0.034896 0.048148 0.935798
0 0.474479 0.059259 0.018750 0.025926 0.779268
0 0.491667 0.049074 0.017188 0.021296 0.679147
2 0.261458 0.146296 0.136458 0.069444 0.548479
0 0.502083 0.034259 0.014583 0.018519 0.526404
0 0.540625 0.036111 0.015104 0.019444 0.348039
