0 0.818229 0.718518 0.171354 0.227778 0.999799
0 0.357292 0.476852 0.103125 0.177778 0.999737
0 0.569792 0.596296 0.128646 0.204630 0.999489
0 0.699479 0.459259 0.119792 0.160185 0.999221
0 0.330208 0.833333 0.165104 0.308333 0.998622
0 0.532292 0.100000 0.027604 0.046296 0.994857
0 0.016146 0.228704 0.031250 0.064815 0.982525
0 0.128125 0.123148 0.032812 0.045370 0.980894
3 0.670833 0.158333 0.011979 0.063889 0.965123
0 0.093750 0.164815 0.044271 0.055556 0.962968
0 0.151042 0.136111 0.036979 0.045370 0.956491
0 0.059375 0.187037 0.053646 0.063889 0.949205
3 0.701042 0.167593 0.015625 0.069444 0.939111
0 0.658333 0.951852 0.216146 0.096296 0.856332
0 0.036458 0.157407 0.038542 0.052778 0.838369
0 0.225000 0.099074 0.030729 0.037037 0.703533
0 0.489062 0.035185 0.017188 0.027778 0.614907
