0 0.540625 0.491667 0.104167 0.161111 0.999863
0 0.363542 0.468519 0.103646 0.171296 0.999462
0 0.488542 0.166667 0.047396 0.084259 0.998286
0 0.427083 0.112963 0.030729 0.039815 0.997635
0 0.404687 0.174074 0.044792 0.063889 0.990372
0 0.464063 0.061111 0.021875 0.028704 0.987532
0 0.568750 0.196296 0.047917 0.067593 0.987517
0 0.528125 0.071296 0.020833 0.028704 0.984742
0 0.123958 0.140741 0.038542 0.060185 0.967261
0 0.440104 0.079630 0.024479 0.032407 0.932498
0 0.486979 0.087963 0.026563 0.035185 0.904282
0 0.497396 0.063889 0.019792 0.028704 0.735512
0 0.516667 0.037037 0.015625 0.020370 0.535327
0 0.560417 0.042593 0.016146 0.023148 0.468805
0 0.498437 0.050926 0.020312 0.028704 0.447456
0 0.536979 0.025926 0.015104 0.022222 0.442330
