0 0.392708 0.476852 0.104687 0.175000 0.999600
0 0.479688 0.138889 0.036979 0.050926 0.997335
0 0.531250 0.118519 0.031771 0.042593 0.996628
0 0.409375 0.131481 0.034375 0.046296 0.996342
0 0.083333 0.129630 0.043229 0.051852 0.996315
0 0.021354 0.187963 0.042188 0.053704 0.988307
0 0.456771 0.078704 0.025521 0.031481 0.986702
0 0.473958 0.062037 0.021354 0.027778 0.982109
0 0.428125 0.103704 0.027083 0.039815 0.975205
0 0.551562 0.053704 0.017188 0.026852 0.757056
0 0.508854 0.049074 0.024479 0.043519 0.375131
0 0.232292 0.141667 0.043229 0.049074 0.277899
