0 0.389583 0.260185 0.061979 0.087963 0.999381
0 0.555729 0.204630 0.051562 0.062963 0.993717
0 0.486979 0.201852 0.050000 0.085185 0.991769
0 0.569792 0.275000 0.056771 0.083333 0.991304
0 0.058854 0.141667 0.036979 0.043519 0.986508
0 0.016667 0.180556 0.032812 0.075926 0.964148
0 0.093229 0.146296 0.038021 0.045370 0.929983
2 0.517187 0.350000 0.095312 0.196296 0.920941
3 0.633854 0.264815 0.032292 0.082407 0.916473
0 0.178646 0.121296 0.028646 0.037037 0.681787
0 0.119792 0.118519 0.039583 0.060185 0.649502
0 0.169271 0.110185 0.022396 0.031481 0.283440
