0 0.595312 0.663889 0.145313 0.224074 0.998940
0 0.788542 0.638889 0.140625 0.198148 0.998032
0 0.711979 0.900926 0.239063 0.197222 0.997678
0 0.063542 0.304630 0.119271 0.091667 0.997035
0 0.285937 0.245370 0.108854 0.110185 0.996760
0 0.407292 0.187963 0.054688 0.071296 0.996643
0 0.305208 0.866667 0.209896 0.258333 0.995552
0 0.445833 0.109259 0.032292 0.037037 0.995348
0 0.170833 0.142593 0.038542 0.053704 0.982424
0 0.029167 0.351852 0.057292 0.113889 0.959152
2 0.372917 0.601852 0.152083 0.359259 0.866782
