0 0.356250 0.513889 0.104167 0.168519 0.999796
0 0.592708 0.754630 0.153646 0.254630 0.999646
0 0.332292 0.761111 0.149479 0.327778 0.998686
0 0.536458 0.473148 0.114583 0.175926 0.997866
0 0.042188 0.194444 0.056771 0.075926 0.990027
0 0.097396 0.121296 0.032292 0.050926 0.948850
0 0.135937 0.137037 0.045313 0.061111 0.891881
1 0.701042 0.362037 0.219271 0.387963 0.835493
0 0.013542 0.189815 0.026042 0.062963 0.771065
0 0.047917 0.144444 0.051042 0.077778 0.538845
2 0.532292 0.025000 0.025521 0.043519 0.518103
0 0.007292 0.140741 0.014062 0.046296 0.446272
0 0.662500 0.985185 0.248958 0.026852 0.425904
