0 0.393229 0.283333 0.067188 0.103704 0.998559
0 0.527083 0.421296 0.094792 0.165741 0.998540
0 0.464583 0.165741 0.039583 0.052778 0.998256
0 0.489062 0.227778 0.050000 0.072222 0.998201
0 0.416667 0.120370 0.031771 0.042593 0.996388
0 0.474479 0.117593 0.028646 0.038889 0.995981
0 0.385938 0.201852 0.051562 0.063889 0.991490
0 0.360938 0.545370 0.141146 0.310185 0.990953
0 0.510938 0.093519 0.025521 0.035185 0.984089
0 0.498437 0.064815 0.020312 0.029630 0.971400
0 0.454688 0.084259 0.023438 0.034259 0.965202
0 0.433854 0.061111 0.021875 0.033333 0.953057
0 0.406250 0.088889 0.027083 0.031481 0.939809
2 0.535937 0.049074 0.032812 0.067593 0.932230
0 0.217708 0.121296 0.028125 0.039815 0.835910
0 0.501042 0.044444 0.017708 0.022222 0.582267
0 0.275000 0.148148 0.052604 0.063889 0.329562
0 0.463021 0.060185 0.026563 0.043519 0.301227
0 0.502083 0.051852 0.020312 0.026852 0.299414
