0 0.352604 0.657407 0.130208 0.213889 0.999755
0 0.594271 0.645370 0.135417 0.226852 0.999721
0 0.727083 0.519444 0.129167 0.167593 0.997371
0 0.333854 0.919444 0.202083 0.161111 0.989859
0 0.112500 0.155556 0.043229 0.051852 0.987152
0 0.101042 0.116667 0.035937 0.043519 0.986669
0 0.147396 0.120370 0.033333 0.038889 0.975569
2 0.503125 0.060185 0.040104 0.066667 0.932879
0 0.858854 0.742593 0.222396 0.371296 0.912985
0 0.677083 0.964815 0.227604 0.067593 0.883946
5 0.049479 0.245370 0.018229 0.071296 0.844940
5 0.065104 0.246296 0.017188 0.071296 0.763599
3 0.548958 0.087963 0.010937 0.045370 0.533977
