0 0.379687 0.291667 0.059375 0.088889 0.999523
0 0.044792 0.201852 0.053125 0.062963 0.998457
0 0.321875 0.864815 0.200000 0.266667 0.998200
0 0.354167 0.401852 0.085938 0.174074 0.997634
0 0.388021 0.149074 0.038021 0.056481 0.997186
0 0.505208 0.333333 0.095312 0.194444 0.995196
0 0.484375 0.142593 0.041667 0.062037 0.994033
0 0.420312 0.123148 0.035937 0.046296 0.993368
1 0.648438 0.299074 0.124479 0.236111 0.992491
1 0.568229 0.176852 0.078125 0.150000 0.985547
0 0.695833 0.948148 0.203646 0.103704 0.941157
0 0.482812 0.104630 0.034375 0.037037 0.772687
