0 0.313542 0.710185 0.146875 0.236111 0.999906
0 0.546354 0.585185 0.125000 0.190741 0.999407
0 0.377604 0.245370 0.058854 0.090741 0.999299
0 0.540625 0.176852 0.042188 0.059259 0.998977
0 0.485417 0.301852 0.069271 0.099074 0.998744
0 0.460417 0.168519 0.042188 0.059259 0.998360
0 0.363021 0.151852 0.037500 0.063889 0.996890
0 0.410417 0.125926 0.039583 0.062037 0.994095
0 0.492708 0.126852 0.033854 0.049074 0.993121
0 0.478646 0.237963 0.051562 0.070370 0.989960
0 0.436458 0.101852 0.025521 0.041667 0.988383
2 0.533333 0.066667 0.034896 0.101852 0.957131
0 0.176563 0.136111 0.031771 0.062037 0.924072
3 0.119792 0.108333 0.013542 0.028704 0.869739
0 0.479688 0.084259 0.026563 0.031481 0.842101
0 0.483333 0.100926 0.030729 0.039815 0.831120
0 0.396354 0.093519 0.029687 0.042593 0.697001
