0 0.535417 0.417593 0.095312 0.152778 0.999829
0 0.331250 0.300926 0.069271 0.097222 0.999625
0 0.707292 0.483333 0.111458 0.160185 0.999382
0 0.351562 0.477778 0.095833 0.200000 0.999307
0 0.327083 0.901852 0.202083 0.196296 0.999192
0 0.572396 0.611111 0.139583 0.219444 0.999128
0 0.485938 0.266667 0.062500 0.095370 0.998662
0 0.021875 0.216667 0.043229 0.063889 0.995711
0 0.472396 0.112963 0.029167 0.041667 0.995267
0 0.472917 0.162037 0.041667 0.055556 0.994686
1 0.549479 0.166667 0.084375 0.175000 0.993646
0 0.131250 0.148148 0.035937 0.046296 0.984500
0 0.446875 0.084259 0.025521 0.030556 0.982976
0 0.381250 0.193519 0.046875 0.065741 0.982078
0 0.064583 0.162037 0.042708 0.050926 0.972716
0 0.041146 0.150926 0.038021 0.049074 0.920573
0 0.006250 0.159259 0.011458 0.049074 0.915935
5 0.066146 0.246296 0.019271 0.084259 0.817829
0 0.513021 0.070370 0.023438 0.028704 0.787417
