0 0.352604 0.640741 0.132292 0.237037 0.999900
0 0.595833 0.695370 0.139583 0.234259 0.999278
0 0.804167 0.658333 0.174479 0.224074 0.998062
0 0.431250 0.122222 0.034896 0.044444 0.997454
0 0.523438 0.125926 0.030729 0.043519 0.997356
0 0.386458 0.274074 0.120833 0.125000 0.997262
0 0.914062 0.901852 0.171354 0.191667 0.996425
0 0.463021 0.166667 0.044792 0.059259 0.995769
0 0.380208 0.107407 0.032292 0.047222 0.995300
0 0.028646 0.213889 0.055208 0.062963 0.995039
0 0.475521 0.109259 0.030208 0.050000 0.992715
0 0.052604 0.167593 0.044271 0.050926 0.992489
0 0.315625 0.914815 0.198437 0.170370 0.991447
0 0.494271 0.085185 0.023438 0.033333 0.980375
3 0.259375 0.218519 0.038542 0.089815 0.935913
0 0.177083 0.122222 0.031771 0.037963 0.881715
2 0.463542 0.055556 0.034896 0.058333 0.774701
3 0.222396 0.225926 0.027083 0.078704 0.636478
0 0.649479 0.969444 0.221875 0.060185 0.618562
0 0.015104 0.187963 0.029167 0.056481 0.584343
0 0.035417 0.151852 0.039583 0.040741 0.478665
