0 0.338021 0.837037 0.176042 0.313889 0.998596
0 0.814583 0.687037 0.180208 0.280556 0.997649
0 0.458333 0.131481 0.033854 0.043519 0.997254
0 0.482812 0.164815 0.038021 0.055556 0.997229
0 0.517187 0.112037 0.028646 0.040741 0.996842
0 0.589583 0.646296 0.152083 0.268519 0.995986
0 0.360938 0.190741 0.048958 0.062963 0.995649
0 0.917188 0.904630 0.159375 0.180556 0.995568
4 0.545833 0.240741 0.071354 0.077778 0.994139
0 0.375521 0.137963 0.036979 0.046296 0.993548
0 0.416146 0.110185 0.031771 0.040741 0.993489
0 0.635417 0.872222 0.205729 0.247222 0.991663
0 0.053646 0.131481 0.036458 0.043519 0.989833
0 0.544792 0.083333 0.023958 0.031481 0.987761
0 0.456250 0.075000 0.023958 0.025000 0.977943
0 0.499479 0.082407 0.022917 0.030556 0.948132
0 0.415104 0.075000 0.025000 0.031481 0.941989
0 0.221875 0.145370 0.088021 0.049074 0.932772
3 0.686458 0.263889 0.029687 0.075926 0.806891
0 0.501042 0.062037 0.019792 0.025926 0.772076
