0 0.573958 0.647222 0.141146 0.208333 0.999094
0 0.472396 0.208333 0.050521 0.078704 0.998974
0 0.551562 0.166667 0.041667 0.060185 0.997739
0 0.383333 0.276852 0.064583 0.102778 0.997528
0 0.526042 0.350926 0.074479 0.120370 0.997464
0 0.369792 0.127778 0.038542 0.043519 0.996687
0 0.379687 0.187963 0.042708 0.075000 0.993950
0 0.033333 0.159259 0.052604 0.090741 0.990383
1 0.508854 0.079630 0.044271 0.094444 0.982404
0 0.435937 0.093519 0.026563 0.036111 0.978112
0 0.462500 0.123148 0.031771 0.045370 0.971828
0 0.473958 0.162963 0.040104 0.051852 0.902659
5 0.066146 0.246296 0.019271 0.086111 0.884653
0 0.544271 0.050926 0.025000 0.046296 0.642711
