0 0.544792 0.527778 0.112500 0.171296 0.999843
0 0.712500 0.483333 0.135417 0.188889 0.999512
0 0.333333 0.582407 0.132292 0.193519 0.999456
0 0.911979 0.866667 0.176042 0.265741 0.998685
0 0.621875 0.799074 0.183854 0.288889 0.997923
0 0.026563 0.213889 0.052083 0.066667 0.991028
0 0.050521 0.159259 0.044792 0.056481 0.986811
0 0.332812 0.828704 0.229167 0.342593 0.947644
2 0.403646 0.120370 0.309896 0.127778 0.831808
0 0.178646 0.122222 0.030729 0.034259 0.791425
0 0.237500 0.092593 0.031771 0.035185 0.438431
0 0.008333 0.177778 0.015625 0.062037 0.343359
