0 0.708333 0.504630 0.119271 0.150926 0.999462
0 0.532812 0.456481 0.107292 0.167593 0.999258
0 0.492188 0.297222 0.071354 0.109259 0.998667
0 0.369792 0.301852 0.081771 0.160185 0.997968
0 0.894271 0.877778 0.200521 0.244444 0.997866
0 0.365625 0.799074 0.152083 0.340741 0.996462
0 0.412500 0.150926 0.038542 0.052778 0.995909
0 0.477083 0.209259 0.052604 0.069444 0.995037
0 0.418750 0.088889 0.029687 0.039815 0.988986
0 0.542188 0.136111 0.033333 0.050000 0.988604
0 0.055208 0.169444 0.045833 0.053704 0.984906
0 0.466146 0.065741 0.022396 0.029630 0.981668
0 0.483333 0.164815 0.041146 0.049074 0.980513
0 0.505208 0.065741 0.021354 0.031481 0.970757
1 0.534375 0.081481 0.040104 0.088889 0.966902
0 0.482292 0.106481 0.030208 0.041667 0.965702
0 0.132812 0.142593 0.038021 0.049074 0.957504
0 0.044271 0.142593 0.039583 0.053704 0.888024
0 0.361979 0.220370 0.057292 0.079630 0.884060
0 0.156771 0.116667 0.031771 0.037037 0.868529
0 0.243229 0.082407 0.028646 0.040741 0.299257
