0 0.738542 0.580556 0.138021 0.188889 0.999471
0 0.594271 0.649074 0.152604 0.233333 0.999231
0 0.341146 0.439815 0.110937 0.224074 0.999172
0 0.368229 0.878704 0.195312 0.241667 0.999013
0 0.378646 0.280556 0.069271 0.100000 0.998815
0 0.503646 0.328704 0.074479 0.116667 0.995545
0 0.508854 0.164815 0.039583 0.056481 0.994563
0 0.656250 0.360185 0.115104 0.193519 0.994005
0 0.123958 0.129630 0.036979 0.042593 0.992853
0 0.472396 0.209259 0.052604 0.081481 0.986663
0 0.931771 0.895370 0.130208 0.204630 0.982615
0 0.696875 0.968518 0.266146 0.062963 0.796423
0 0.160417 0.104630 0.028646 0.027778 0.367722
0 0.223438 0.099074 0.028646 0.036111 0.348071
