0 0.381771 0.394444 0.086979 0.126852 0.999729
0 0.528125 0.427778 0.097396 0.154630 0.999499
0 0.063021 0.157407 0.040625 0.052778 0.998700
0 0.842188 0.762037 0.185937 0.257407 0.997804
0 0.740104 0.457407 0.161458 0.292593 0.994057
0 0.023438 0.214815 0.045833 0.062037 0.992176
0 0.676042 0.937037 0.217708 0.125000 0.986194
3 0.670833 0.139815 0.013542 0.056481 0.860163
0 0.145833 0.108333 0.032812 0.030556 0.717099
0 0.551042 0.034259 0.015104 0.023148 0.547984
4 0.107292 0.103704 0.018229 0.035185 0.423668
2 0.973958 0.859259 0.052083 0.247222 0.268462
