0 0.373437 0.675000 0.125521 0.221296 0.999796
0 0.659896 0.405556 0.093750 0.131481 0.999290
0 0.521875 0.394444 0.084896 0.144444 0.999013
0 0.377604 0.398148 0.079687 0.132407 0.998654
0 0.626562 0.851852 0.190625 0.284259 0.994041
0 0.107292 0.160185 0.042708 0.050926 0.990261
0 0.047396 0.197222 0.051562 0.062963 0.986345
0 0.233854 0.108333 0.032812 0.038889 0.923234
0 0.027083 0.175000 0.043229 0.054630 0.879056
0 0.139062 0.140741 0.038021 0.045370 0.877865
0 0.171875 0.108333 0.025000 0.029630 0.508320
0 0.004167 0.235185 0.007292 0.083333 0.466156
