0 0.356250 0.744444 0.145313 0.261111 0.999729
0 0.799479 0.665741 0.171875 0.197222 0.999429
0 0.607292 0.620370 0.146354 0.286111 0.996513
0 0.029687 0.207407 0.056771 0.071296 0.995075
0 0.120833 0.151852 0.041667 0.051852 0.983727
0 0.514063 0.053704 0.020312 0.030556 0.966015
0 0.040104 0.171296 0.043750 0.050000 0.939384
0 0.129688 0.118519 0.038021 0.051852 0.928890
1 0.099479 0.103704 0.057292 0.086111 0.902574
0 0.927083 0.897222 0.142188 0.194444 0.845365
2 0.754687 0.862963 0.317708 0.268519 0.769936
0 0.003646 0.226852 0.006250 0.063889 0.428281
0 0.224479 0.083333 0.031771 0.037037 0.305221
