0 0.343229 0.710185 0.151562 0.255556 0.999715
0 0.680208 0.905556 0.208333 0.188889 0.999420
0 0.586979 0.658333 0.165625 0.252778 0.999371
0 0.828646 0.686111 0.166667 0.225000 0.999060
0 0.410937 0.106481 0.029167 0.037963 0.988504
0 0.295833 0.912037 0.245833 0.175926 0.984634
0 0.131771 0.126852 0.033854 0.043519 0.950601
0 0.927604 0.862037 0.144271 0.268519 0.946618
2 0.504167 0.062037 0.044792 0.071296 0.945457
0 0.456250 0.084259 0.027083 0.036111 0.894116
0 0.448438 0.065741 0.023438 0.025000 0.715654
