0 0.406250 0.226852 0.054167 0.074074 0.997475
0 0.482812 0.170370 0.045313 0.062037 0.996387
0 0.048437 0.196296 0.054167 0.062037 0.994211
0 0.485417 0.104630 0.028646 0.036111 0.987906
0 0.427604 0.113889 0.029687 0.037037 0.985132
0 0.527604 0.080556 0.021875 0.027778 0.979761
0 0.414062 0.146296 0.040104 0.048148 0.979673
0 0.466146 0.068519 0.023958 0.026852 0.977227
0 0.444271 0.088889 0.022917 0.031481 0.975757
2 0.511979 0.287037 0.086979 0.177778 0.942596
0 0.510417 0.062037 0.020312 0.025926 0.831458
0 0.535417 0.042593 0.017188 0.021296 0.761239
0 0.471875 0.044444 0.019271 0.021296 0.749914
0 0.030729 0.177778 0.050521 0.066667 0.529419
