0 0.514063 0.124074 0.031250 0.044444 0.998257
0 0.476562 0.187037 0.043750 0.061111 0.995756
0 0.484896 0.097222 0.029167 0.040741 0.991900
0 0.421354 0.116667 0.032812 0.045370 0.989981
0 0.451042 0.055556 0.021875 0.026852 0.984646
0 0.123438 0.150926 0.038021 0.049074 0.959136
0 0.440625 0.085185 0.026042 0.041667 0.950815
0 0.538021 0.078704 0.021875 0.033333 0.950060
0 0.147917 0.119444 0.031250 0.037037 0.931226
0 0.504167 0.053704 0.020312 0.037037 0.894497
5 0.066146 0.247222 0.019271 0.087037 0.818353
0 0.540104 0.034259 0.026042 0.056481 0.508749
0 0.559896 0.025000 0.011979 0.022222 0.491199
