0 0.775521 0.626852 0.148438 0.190741 0.999867
0 0.492708 0.296296 0.065625 0.094444 0.999651
0 0.626562 0.334259 0.081771 0.107407 0.998438
0 0.477604 0.175000 0.040625 0.057407 0.997573
0 0.567187 0.219444 0.054167 0.075000 0.995913
0 0.346875 0.301852 0.069271 0.108333 0.994369
2 0.393229 0.200000 0.075521 0.152778 0.990826
0 0.094271 0.139815 0.039583 0.045370 0.988145
0 0.450000 0.075000 0.029167 0.046296 0.975959
0 0.417188 0.103704 0.031771 0.037963 0.970549
0 0.535417 0.101852 0.026042 0.042593 0.957246
0 0.011458 0.224074 0.021875 0.076852 0.941255
0 0.069271 0.179630 0.052604 0.060185 0.937937
0 0.481250 0.127778 0.031771 0.041667 0.930768
0 0.055729 0.166667 0.039583 0.052778 0.770747
0 0.534375 0.078704 0.022396 0.032407 0.717668
2 0.488542 0.088889 0.031250 0.057407 0.701902
0 0.006250 0.177778 0.011979 0.053704 0.662658
0 0.170833 0.110185 0.024479 0.030556 0.650056
0 0.505208 0.060185 0.019792 0.030556 0.542994
0 0.504167 0.045370 0.017708 0.024074 0.346238
