0 0.350000 0.713889 0.143229 0.222222 0.999819
0 0.611458 0.715741 0.151042 0.242593 0.999564
0 0.842708 0.726852 0.175000 0.227778 0.995811
0 0.329688 0.950000 0.227604 0.100000 0.984929
0 0.527604 0.079630 0.032292 0.034259 0.977043
0 0.933854 0.875000 0.131771 0.250000 0.949929
2 0.402083 0.122222 0.252604 0.126852 0.941506
3 0.558854 0.156481 0.016667 0.074074 0.930741
5 0.273958 0.233333 0.022917 0.080556 0.895731
0 0.530729 0.043519 0.015104 0.021296 0.884636
0 0.011458 0.200000 0.022396 0.058333 0.858675
