0 0.782812 0.632407 0.148438 0.212963 0.999472
0 0.581771 0.626852 0.154167 0.287963 0.999106
0 0.194271 0.265741 0.135937 0.108333 0.998137
0 0.341667 0.597222 0.151562 0.311111 0.997763
0 0.881771 0.857407 0.210938 0.279630 0.995366
3 0.123958 0.437037 0.077083 0.154630 0.994876
0 0.383333 0.193519 0.055208 0.073148 0.994509
0 0.027604 0.201852 0.051562 0.077778 0.988391
0 0.648438 0.911111 0.203125 0.176852 0.986427
3 0.162500 0.375000 0.053646 0.112963 0.978878
0 0.310937 0.916667 0.201042 0.166667 0.960388
3 0.055208 0.226852 0.022917 0.074074 0.769058
