0 0.775521 0.656482 0.155208 0.202778 0.999715
0 0.342187 0.672222 0.136979 0.221296 0.999713
0 0.572917 0.699074 0.144271 0.240741 0.997254
3 0.703646 0.175000 0.013542 0.062037 0.978711
3 0.671354 0.162037 0.013021 0.066667 0.948450
3 0.800000 0.266667 0.022396 0.083333 0.930099
0 0.514063 0.052778 0.018750 0.025000 0.925363
0 0.015625 0.217593 0.030208 0.082407 0.902829
0 0.504167 0.040741 0.016667 0.022222 0.827251
0 0.016146 0.189815 0.031771 0.052778 0.553671
0 0.006250 0.687037 0.011458 0.271296 0.404842
