0 0.338021 0.837963 0.176563 0.314815 0.998002
0 0.814583 0.686111 0.179688 0.282407 0.997715
0 0.589583 0.646296 0.152083 0.264815 0.995799
0 0.079687 0.133333 0.037500 0.045370 0.995559
0 0.917188 0.903704 0.158854 0.180556 0.995500
0 0.635417 0.873148 0.205208 0.249074 0.991497
0 0.532292 0.044444 0.015625 0.022222 0.959515
0 0.147917 0.138889 0.040625 0.048148 0.956883
0 0.465625 0.069444 0.023438 0.031481 0.865139
0 0.501042 0.043519 0.017188 0.021296 0.851290
0 0.565104 0.071296 0.019271 0.030556 0.749496
0 0.515104 0.034259 0.014583 0.018519 0.611592
0 0.557813 0.031481 0.014062 0.021296 0.255250
