0 0.357812 0.427778 0.089583 0.134259 0.999733
0 0.511979 0.377778 0.092708 0.179630 0.999635
0 0.694271 0.456481 0.112500 0.152778 0.999475
0 0.535417 0.526852 0.113542 0.170370 0.999444
0 0.849479 0.793519 0.193229 0.282407 0.997985
0 0.383333 0.273148 0.071875 0.146296 0.997070
0 0.104687 0.137963 0.039062 0.049074 0.993589
0 0.060938 0.187037 0.056771 0.064815 0.987317
0 0.238021 0.150926 0.080208 0.061111 0.913971
0 0.046354 0.170370 0.042708 0.054630 0.895144
3 0.950521 0.406481 0.025521 0.107407 0.884958
0 0.487500 0.055556 0.019792 0.025000 0.873698
0 0.004688 0.236111 0.008333 0.073148 0.791622
1 0.082292 0.109259 0.077604 0.090741 0.618819
