0 0.283854 0.254630 0.093229 0.079630 0.999183
0 0.435417 0.239815 0.073437 0.078704 0.998956
0 0.338021 0.837037 0.176563 0.312963 0.998745
0 0.545833 0.161111 0.041667 0.053704 0.998358
0 0.390625 0.101852 0.031250 0.039815 0.998015
0 0.815104 0.686111 0.180208 0.281481 0.997898
3 0.486458 0.302778 0.038542 0.096296 0.997613
0 0.389583 0.149074 0.039062 0.050000 0.995806
0 0.917188 0.904630 0.159896 0.181481 0.995590
0 0.589063 0.646296 0.152604 0.268519 0.995379
0 0.352083 0.187963 0.048958 0.064815 0.994832
0 0.435937 0.172222 0.043229 0.057407 0.994357
0 0.635417 0.873148 0.205208 0.248148 0.991056
0 0.495833 0.107407 0.029167 0.037963 0.988467
0 0.536458 0.090741 0.025521 0.032407 0.969084
0 0.437500 0.094444 0.028125 0.034259 0.910149
0 0.220833 0.145370 0.088021 0.048148 0.900680
4 0.676042 0.246296 0.070833 0.075926 0.849548
0 0.481771 0.087963 0.024479 0.033333 0.747464
