0 0.386979 0.340741 0.077083 0.126852 0.999629
0 0.493750 0.265741 0.058333 0.083333 0.999545
0 0.560417 0.552778 0.120833 0.215741 0.999208
0 0.375521 0.232407 0.058333 0.075000 0.998836
0 0.467708 0.190741 0.043229 0.061111 0.996931
0 0.516146 0.101852 0.026042 0.038889 0.996893
0 0.472396 0.126852 0.029687 0.040741 0.995473
0 0.399479 0.102778 0.029167 0.038889 0.994721
0 0.449479 0.092593 0.027604 0.037963 0.994468
0 0.416146 0.133333 0.033854 0.045370 0.986336
0 0.228125 0.113889 0.034375 0.040741 0.968772
0 0.495833 0.071296 0.022396 0.034259 0.960880
0 0.420833 0.069444 0.022396 0.037037 0.947805
2 0.535417 0.050926 0.033333 0.074074 0.927258
0 0.349479 0.713889 0.170833 0.399074 0.828044
0 0.455208 0.064815 0.028646 0.043519 0.779926
0 0.491667 0.046296 0.019271 0.024074 0.649876
0 0.264062 0.148148 0.064583 0.062963 0.488517
0 0.456250 0.050926 0.023438 0.027778 0.269499
