0 0.775521 0.656482 0.154687 0.197222 0.999662
0 0.343229 0.668519 0.134375 0.212963 0.999535
0 0.318229 0.874074 0.167708 0.250926 0.999014
0 0.572917 0.699074 0.143750 0.241667 0.996816
0 0.900000 0.868519 0.200000 0.255556 0.995836
0 0.658854 0.917593 0.220313 0.164815 0.987787
0 0.049479 0.187963 0.054688 0.060185 0.984339
0 0.015104 0.223148 0.029687 0.069444 0.966053
0 0.141146 0.123148 0.033333 0.038889 0.959021
0 0.015104 0.187963 0.029167 0.048148 0.638626
0 0.167187 0.103704 0.026563 0.028704 0.493079
