0 0.420312 0.120370 0.032292 0.042593 0.995300
0 0.530208 0.125926 0.032812 0.042593 0.995018
0 0.089583 0.149074 0.039583 0.048148 0.994013
0 0.405729 0.194444 0.045833 0.064815 0.993249
0 0.160938 0.125926 0.035937 0.048148 0.992605
3 0.225000 0.263889 0.032812 0.084259 0.987567
0 0.510417 0.071296 0.022396 0.030556 0.982759
0 0.440104 0.097222 0.028125 0.033333 0.926484
0 0.681250 0.987963 0.246354 0.024074 0.689957
0 0.546875 0.050926 0.017188 0.026852 0.668639
0 0.486979 0.046296 0.019792 0.031481 0.532586
0 0.236458 0.090741 0.026042 0.030556 0.527476
0 0.528125 0.046296 0.016667 0.020370 0.296150
