0 0.588542 0.622222 0.145833 0.225926 0.999801
0 0.348958 0.664815 0.128125 0.212037 0.999750
0 0.635417 0.886111 0.190625 0.226852 0.997089
0 0.313021 0.890741 0.194792 0.218519 0.990295
0 0.020833 0.215741 0.041146 0.061111 0.989994
0 0.070312 0.128704 0.053646 0.062037 0.979033
2 0.487500 0.039815 0.030208 0.060185 0.891642
0 0.018229 0.180556 0.035417 0.045370 0.873651
1 0.862500 0.596296 0.272396 0.581481 0.637472
0 0.136979 0.117593 0.040625 0.056481 0.602429
0 0.225521 0.097222 0.028125 0.037037 0.454683
