0 0.525521 0.374074 0.079687 0.135185 0.999410
0 0.368750 0.504630 0.110417 0.185185 0.999398
0 0.390104 0.225926 0.053125 0.074074 0.998411
0 0.590104 0.624074 0.167708 0.306481 0.997834
0 0.074479 0.148148 0.042708 0.060185 0.997562
0 0.467187 0.128704 0.032292 0.048148 0.993091
0 0.395833 0.150926 0.037500 0.062963 0.987242
0 0.463542 0.064815 0.022917 0.028704 0.972021
0 0.435417 0.091667 0.027604 0.041667 0.969068
0 0.491667 0.111111 0.027604 0.036111 0.958103
0 0.540104 0.068519 0.020833 0.026852 0.920015
0 0.411458 0.113889 0.031771 0.044444 0.914796
0 0.495833 0.042593 0.018229 0.025926 0.887238
0 0.477083 0.088889 0.025521 0.028704 0.726766
0 0.546875 0.051852 0.017708 0.025000 0.693402
0 0.481771 0.060185 0.018229 0.025000 0.563550
0 0.527604 0.035185 0.017708 0.026852 0.316053
