0 0.338021 0.837037 0.175521 0.313889 0.998314
0 0.814583 0.687037 0.180729 0.281481 0.997566
0 0.917708 0.904630 0.159375 0.181481 0.995862
0 0.589063 0.646296 0.152604 0.264815 0.995292
0 0.635417 0.873148 0.205208 0.248148 0.990098
0 0.411979 0.110185 0.037500 0.044444 0.988211
0 0.505729 0.066667 0.020312 0.028704 0.967520
0 0.522917 0.050000 0.018229 0.023148 0.908984
0 0.462500 0.064815 0.021354 0.026852 0.904604
0 0.554167 0.036111 0.014583 0.021296 0.806073
0 0.496875 0.044444 0.016667 0.020370 0.786014
3 0.676562 0.140741 0.011458 0.054630 0.769411
0 0.565625 0.072222 0.019792 0.030556 0.765427
0 0.217187 0.119444 0.031250 0.041667 0.722526
0 0.245833 0.088889 0.026563 0.030556 0.676096
0 0.472917 0.050000 0.018229 0.022222 0.447808
0 0.539583 0.031481 0.011979 0.018519 0.288361
