0 0.333333 0.522222 0.109375 0.177778 0.999689
0 0.486458 0.262037 0.061979 0.081481 0.999299
0 0.642708 0.859259 0.197917 0.279630 0.999226
0 0.521354 0.477778 0.106771 0.175000 0.999221
0 0.364583 0.322222 0.069271 0.101852 0.998857
0 0.468750 0.175926 0.041667 0.061111 0.997801
0 0.408333 0.137963 0.038021 0.045370 0.997081
0 0.113021 0.109259 0.032292 0.036111 0.996773
0 0.512500 0.112963 0.029167 0.040741 0.996177
1 0.630208 0.288889 0.154167 0.271296 0.992395
0 0.075521 0.152778 0.038542 0.046296 0.991194
0 0.043229 0.196296 0.052604 0.067593 0.982877
0 0.544792 0.163889 0.048437 0.099074 0.980270
0 0.166667 0.126852 0.036979 0.045370 0.978902
0 0.301562 0.865741 0.181250 0.265741 0.964826
0 0.229167 0.097222 0.030729 0.032407 0.854120
4 0.024479 0.160185 0.028646 0.055556 0.774759
5 0.066146 0.245370 0.018750 0.086111 0.697462
3 0.555208 0.052778 0.007812 0.030556 0.258911
