0 0.516146 0.428704 0.090104 0.140741 0.999625
0 0.332812 0.723148 0.137500 0.237963 0.999430
0 0.566667 0.671296 0.143229 0.241667 0.999268
0 0.464063 0.247222 0.063542 0.091667 0.999238
0 0.364583 0.271296 0.059375 0.090741 0.997004
0 0.364062 0.440741 0.092708 0.185185 0.996706
1 0.591667 0.205556 0.118229 0.230556 0.983300
0 0.129167 0.125926 0.034896 0.043519 0.982542
0 0.063542 0.161111 0.033854 0.053704 0.967347
0 0.029167 0.194444 0.057813 0.110185 0.829499
0 0.236979 0.092593 0.031250 0.040741 0.666999
