0 0.513021 0.387037 0.090625 0.134259 0.999373
0 0.361979 0.563889 0.120833 0.216667 0.999331
0 0.341146 0.214815 0.052604 0.071296 0.999241
0 0.624479 0.816667 0.166667 0.275000 0.999088
0 0.507812 0.280556 0.067708 0.086111 0.999021
0 0.617188 0.299074 0.071875 0.099074 0.998911
0 0.401563 0.146296 0.038542 0.049074 0.996695
0 0.359375 0.329630 0.069271 0.135185 0.995682
0 0.477604 0.122222 0.033333 0.044444 0.995442
0 0.474479 0.197222 0.047396 0.070370 0.995055
0 0.022396 0.217593 0.044271 0.059259 0.992233
1 0.522396 0.125926 0.055729 0.140741 0.980365
5 0.066146 0.245370 0.019271 0.082407 0.908511
0 0.470313 0.062963 0.021354 0.024074 0.873107
0 0.483333 0.087963 0.022396 0.032407 0.750742
0 0.168229 0.108333 0.031771 0.040741 0.291088
