0 0.178125 0.312037 0.151042 0.113889 0.999547
0 0.782812 0.632407 0.147917 0.212037 0.999463
0 0.581771 0.628704 0.155208 0.288889 0.999251
0 0.290625 0.255556 0.095312 0.079630 0.998639
0 0.027604 0.201852 0.051562 0.079630 0.997817
0 0.645312 0.901852 0.206250 0.196296 0.997760
0 0.341667 0.597222 0.151562 0.312963 0.997672
0 0.437500 0.131481 0.039062 0.054630 0.997222
0 0.398958 0.196296 0.050000 0.064815 0.996058
0 0.881771 0.858333 0.212500 0.279630 0.994858
3 0.663542 0.263889 0.033333 0.097222 0.968404
0 0.310937 0.916667 0.202083 0.166667 0.963310
0 0.445833 0.090741 0.029167 0.036111 0.891861
0 0.237500 0.100000 0.035417 0.045370 0.705776
5 0.215104 0.208333 0.013542 0.075926 0.643574
5 0.228646 0.216667 0.018229 0.077778 0.623960
0 0.011979 0.150926 0.022917 0.059259 0.468813
0 0.197396 0.142593 0.059896 0.061111 0.363286
