0 0.521354 0.110185 0.027604 0.040741 0.998536
0 0.474479 0.161111 0.040625 0.053704 0.997508
0 0.081250 0.176852 0.054167 0.062037 0.990313
0 0.100000 0.141667 0.038542 0.042593 0.979771
0 0.541146 0.070370 0.019271 0.031481 0.979214
0 0.430208 0.103704 0.029167 0.041667 0.973070
0 0.117188 0.104630 0.030208 0.031481 0.969814
0 0.512500 0.051852 0.018750 0.028704 0.968328
0 0.491667 0.084259 0.026563 0.037963 0.950024
0 0.450521 0.077778 0.023438 0.036111 0.944251
0 0.461979 0.050000 0.020312 0.025000 0.895223
5 0.066146 0.250926 0.017708 0.080556 0.646632
1 0.544792 0.031481 0.025000 0.056481 0.489420
0 0.494792 0.072222 0.022396 0.029630 0.346480
0 0.516146 0.035185 0.014583 0.019444 0.294939
