0 0.812500 0.720370 0.169271 0.233333 0.999593
0 0.516146 0.395370 0.088542 0.139815 0.999564
0 0.633333 0.780556 0.182812 0.271296 0.998797
0 0.336979 0.516667 0.128646 0.262037 0.998611
0 0.374479 0.330556 0.077083 0.115741 0.997175
0 0.688021 0.417593 0.133854 0.238889 0.996241
0 0.526042 0.200926 0.048437 0.068519 0.995874
0 0.034375 0.155556 0.043750 0.050000 0.994123
0 0.482292 0.251852 0.066667 0.091667 0.971037
0 0.156250 0.116667 0.032292 0.038889 0.941325
0 0.369792 0.965741 0.240104 0.067593 0.863763
0 0.245833 0.090741 0.022917 0.030556 0.565575
