0 0.466667 0.157407 0.038021 0.051852 0.998364
0 0.511979 0.323148 0.070312 0.127778 0.996646
0 0.033333 0.138889 0.035937 0.050926 0.996629
0 0.541146 0.164815 0.040104 0.058333 0.995727
0 0.485417 0.116667 0.031250 0.042593 0.994254
0 0.140104 0.141667 0.037500 0.047222 0.992992
0 0.414583 0.129630 0.036458 0.047222 0.989371
3 0.510938 0.427778 0.032812 0.127778 0.975110
1 0.689583 0.391667 0.184375 0.344444 0.969943
0 0.468750 0.078704 0.027083 0.026852 0.954574
1 0.606250 0.237037 0.094792 0.177778 0.927363
0 0.126563 0.104630 0.025521 0.030556 0.758280
0 0.542708 0.111111 0.040625 0.062037 0.712224
