0 0.541667 0.488889 0.106250 0.160185 0.999865
0 0.514063 0.286111 0.060938 0.096296 0.999441
0 0.542188 0.143519 0.035937 0.051852 0.998479
0 0.467708 0.180556 0.046354 0.068519 0.994258
0 0.381250 0.111111 0.032812 0.039815 0.993824
0 0.388021 0.234259 0.057813 0.088889 0.993540
0 0.446875 0.081481 0.023958 0.031481 0.984943
0 0.390104 0.161111 0.040104 0.062963 0.983807
1 0.511458 0.068519 0.040104 0.086111 0.976723
0 0.467187 0.110185 0.029687 0.039815 0.937148
5 0.066146 0.247222 0.019271 0.087037 0.850738
0 0.470313 0.141667 0.036458 0.046296 0.703338
0 0.548958 0.044444 0.020312 0.037963 0.615906
2 0.005729 0.187037 0.010417 0.112037 0.614241
0 0.186979 0.121296 0.033854 0.037037 0.268937
