0 0.775521 0.620370 0.155208 0.202778 0.999530
0 0.365625 0.608333 0.159896 0.307407 0.997956
0 0.070833 0.177778 0.042708 0.062037 0.996814
0 0.033854 0.200926 0.055729 0.067593 0.996070
0 0.130729 0.124074 0.034375 0.046296 0.994815
0 0.572396 0.643519 0.127083 0.199074 0.978687
0 0.925000 0.892593 0.149479 0.208333 0.975930
0 0.075000 0.131481 0.035937 0.043519 0.967512
3 0.591146 0.212963 0.019792 0.078704 0.958501
0 0.303646 0.956481 0.222396 0.084259 0.944911
2 0.472396 0.111111 0.175000 0.114815 0.872597
0 0.513542 0.034259 0.017188 0.022222 0.764479
0 0.007812 0.193519 0.015104 0.052778 0.530742
0 0.225521 0.156481 0.073958 0.053704 0.398772
0 0.011458 0.177778 0.021354 0.065741 0.320315
2 0.532292 0.101852 0.057813 0.109259 0.274742
0 0.013542 0.161111 0.025000 0.046296 0.266248
