0 0.568229 0.589815 0.132292 0.188889 0.999731
0 0.356250 0.605556 0.126042 0.194444 0.999724
0 0.513542 0.362963 0.081250 0.121296 0.999339
0 0.348437 0.324074 0.071354 0.100926 0.999298
0 0.572396 0.242593 0.058854 0.076852 0.998633
0 0.647396 0.351852 0.110937 0.205556 0.979258
0 0.015625 0.218519 0.030208 0.080556 0.923501
5 0.065104 0.246296 0.018750 0.087037 0.894170
2 0.521875 0.035185 0.032292 0.067593 0.882284
1 0.879687 0.735185 0.230729 0.528704 0.625579
3 0.552604 0.069444 0.008854 0.036111 0.555144
0 0.315625 0.985185 0.254687 0.028704 0.502062
