0 0.516667 0.451852 0.095833 0.144444 0.999677
0 0.333333 0.547222 0.118229 0.181481 0.999501
0 0.470313 0.257407 0.063021 0.084259 0.999170
0 0.536979 0.158333 0.038542 0.052778 0.999081
0 0.636979 0.876852 0.185937 0.242593 0.999001
0 0.455729 0.150000 0.038021 0.055556 0.998578
0 0.381771 0.203704 0.050000 0.075926 0.997993
0 0.444271 0.089815 0.026042 0.038889 0.996804
0 0.369271 0.130556 0.034375 0.056481 0.996209
0 0.487500 0.112963 0.030729 0.045370 0.995189
0 0.417708 0.111111 0.036458 0.060185 0.994340
0 0.473437 0.204630 0.044271 0.055556 0.927140
0 0.171354 0.140741 0.034896 0.061111 0.879469
0 0.487500 0.075000 0.022917 0.029630 0.857590
2 0.532812 0.064815 0.034896 0.097222 0.814053
3 0.088021 0.121296 0.014583 0.033333 0.798517
0 0.408333 0.084259 0.029687 0.040741 0.457257
0 0.484375 0.091667 0.028646 0.037963 0.411060
