0 0.034375 0.177778 0.044271 0.054630 0.995499
0 0.481771 0.187037 0.044792 0.063889 0.995202
1 0.583854 0.205556 0.097917 0.177778 0.994020
0 0.479167 0.106481 0.028646 0.037963 0.982107
0 0.503646 0.073148 0.022917 0.030556 0.981291
0 0.443229 0.073148 0.022917 0.029630 0.962412
0 0.415625 0.107407 0.031771 0.040741 0.961935
0 0.477083 0.062037 0.020312 0.025000 0.923637
0 0.531250 0.094444 0.023958 0.033333 0.888799
0 0.540104 0.075000 0.023438 0.029630 0.852486
5 0.810938 0.194444 0.015625 0.074074 0.758801
0 0.169792 0.112963 0.025521 0.033333 0.721234
0 0.003125 0.176852 0.005208 0.061111 0.367511
0 0.476042 0.045370 0.018750 0.024074 0.280534
