0 0.778646 0.621296 0.148958 0.205556 0.999146
0 0.046875 0.166667 0.043750 0.054630 0.998447
0 0.611979 0.874074 0.185417 0.250926 0.998404
0 0.350521 0.662037 0.135417 0.282407 0.998289
0 0.923958 0.875000 0.152083 0.250000 0.993432
0 0.431771 0.137963 0.045833 0.054630 0.983832
0 0.479688 0.064815 0.021875 0.029630 0.975781
0 0.439063 0.098148 0.028125 0.037963 0.971901
0 0.542708 0.036111 0.016146 0.023148 0.894303
0 0.494792 0.050000 0.019271 0.029630 0.855118
3 0.102604 0.204630 0.020312 0.073148 0.291493
0 0.471875 0.043519 0.015625 0.025000 0.250292
