0 0.360417 0.417593 0.088021 0.147222 0.999199
0 0.591146 0.286111 0.066667 0.091667 0.999055
0 0.534896 0.132407 0.035417 0.047222 0.998431
0 0.340104 0.156481 0.043750 0.059259 0.998373
0 0.479688 0.171296 0.039062 0.058333 0.998200
2 0.412500 0.126852 0.057292 0.108333 0.997286
0 0.479167 0.108333 0.028646 0.037037 0.996706
0 0.554167 0.188889 0.045833 0.066667 0.994558
0 0.018750 0.187037 0.036979 0.063889 0.984509
0 0.493229 0.080556 0.021875 0.030556 0.981737
0 0.453646 0.065741 0.022917 0.030556 0.962443
0 0.168229 0.122222 0.031250 0.048148 0.935091
0 0.546354 0.061111 0.018229 0.028704 0.912817
0 0.479167 0.050926 0.019792 0.031481 0.884308
3 0.684896 0.170370 0.016146 0.066667 0.862251
3 0.072396 0.123148 0.012500 0.033333 0.687702
