0 0.584375 0.778704 0.160938 0.257407 0.999844
0 0.497917 0.359259 0.079687 0.116667 0.998662
0 0.284375 0.888889 0.196875 0.222222 0.998291
0 0.546875 0.197222 0.046875 0.067593 0.997246
0 0.501562 0.137963 0.036458 0.050926 0.997107
0 0.375000 0.299074 0.069271 0.110185 0.996340
0 0.486458 0.272222 0.058854 0.079630 0.996318
0 0.464583 0.188889 0.046875 0.066667 0.995947
0 0.361458 0.175926 0.041667 0.075926 0.995821
0 0.401563 0.141667 0.043229 0.075926 0.987889
0 0.429688 0.116667 0.026563 0.046296 0.981374
0 0.484375 0.111111 0.032292 0.044444 0.967998
0 0.006771 0.206481 0.012500 0.064815 0.955311
2 0.533333 0.069444 0.038021 0.106481 0.946157
0 0.014583 0.162037 0.028125 0.059259 0.913235
0 0.386458 0.103704 0.031250 0.047222 0.800020
0 0.473437 0.098148 0.029167 0.037963 0.583257
