0 0.839063 0.790741 0.191667 0.255556 0.998678
0 0.572917 0.700000 0.143229 0.238889 0.997542
0 0.482812 0.108333 0.028125 0.039815 0.996491
0 0.450000 0.087963 0.026563 0.037963 0.992004
0 0.505208 0.064815 0.020833 0.027778 0.980420
0 0.301042 0.957407 0.220833 0.084259 0.944204
3 0.626562 0.246296 0.022917 0.081481 0.919211
0 0.016146 0.217593 0.031771 0.081481 0.916807
0 0.492188 0.045370 0.016667 0.022222 0.879261
3 0.699479 0.261111 0.021875 0.067593 0.829680
0 0.016146 0.188889 0.031771 0.050926 0.480635
4 0.558333 0.055556 0.013021 0.026852 0.345381
