0 0.778646 0.621296 0.148958 0.205556 0.999224
0 0.611979 0.875000 0.185417 0.250000 0.998471
0 0.350521 0.662037 0.135937 0.279630 0.998061
0 0.426562 0.118519 0.033333 0.040741 0.997374
0 0.382292 0.150000 0.078125 0.054630 0.996923
0 0.084375 0.147222 0.039062 0.048148 0.996523
0 0.923437 0.875000 0.152604 0.249074 0.994315
0 0.463542 0.078704 0.023438 0.032407 0.975282
0 0.527604 0.044444 0.018750 0.025000 0.938786
0 0.481250 0.059259 0.021354 0.031481 0.844681
0 0.447396 0.059259 0.018750 0.025926 0.758649
4 0.097917 0.207407 0.027083 0.068519 0.474047
