0 0.338021 0.837037 0.176563 0.314815 0.998107
0 0.814583 0.687037 0.180208 0.281481 0.997365
0 0.917188 0.903704 0.159375 0.180556 0.995485
0 0.589063 0.646296 0.152604 0.264815 0.995181
0 0.635417 0.873148 0.205208 0.248148 0.990506
0 0.129688 0.112037 0.027604 0.037037 0.971829
0 0.444792 0.087963 0.029687 0.037963 0.966355
0 0.518750 0.054630 0.018750 0.024074 0.944231
0 0.170833 0.147222 0.036458 0.046296 0.927622
0 0.483333 0.053704 0.018750 0.024074 0.927543
0 0.565104 0.072222 0.019271 0.030556 0.796827
0 0.540625 0.040741 0.016146 0.022222 0.621903
0 0.496875 0.039815 0.015625 0.021296 0.457700
0 0.516667 0.037037 0.014583 0.018519 0.311841
