0 0.468750 0.391667 0.094792 0.123148 0.999823
0 0.638021 0.412037 0.094271 0.133333 0.999663
0 0.617708 0.735185 0.166146 0.262037 0.999356
0 0.359896 0.266667 0.063542 0.084259 0.999326
0 0.356250 0.501852 0.099479 0.173148 0.999269
0 0.857292 0.747222 0.176563 0.290741 0.998861
0 0.330208 0.797222 0.167187 0.323148 0.998168
0 0.490104 0.266667 0.063021 0.101852 0.997424
0 0.013021 0.170370 0.025000 0.050926 0.982379
2 0.104167 0.149074 0.092188 0.150000 0.962119
0 0.051562 0.186111 0.031250 0.056481 0.961077
1 0.611458 0.238889 0.118229 0.236111 0.958406
3 0.713542 0.378704 0.028125 0.117593 0.900457
0 0.251042 0.088889 0.022396 0.027778 0.709549
