0 0.379687 0.386111 0.081771 0.119444 0.999492
0 0.532812 0.101852 0.026563 0.038889 0.994883
0 0.407292 0.183333 0.044792 0.058333 0.989214
0 0.477083 0.125926 0.031771 0.054630 0.988556
0 0.414583 0.137963 0.038021 0.040741 0.987372
0 0.508854 0.062037 0.018750 0.028704 0.976816
0 0.476042 0.060185 0.021354 0.023148 0.962495
0 0.126563 0.149074 0.041146 0.047222 0.955114
0 0.456250 0.078704 0.023958 0.027778 0.946631
0 0.526042 0.052778 0.018229 0.025000 0.926369
0 0.517187 0.035185 0.015625 0.019444 0.683944
0 0.546875 0.054630 0.021875 0.037963 0.280642
