0 0.357812 0.512963 0.106250 0.168519 0.999841
0 0.492188 0.296296 0.066146 0.098148 0.999463
0 0.539583 0.465741 0.103646 0.147222 0.998962
0 0.317187 0.893519 0.198958 0.212963 0.998867
0 0.621354 0.908333 0.213542 0.180556 0.998762
0 0.364062 0.251852 0.059896 0.079630 0.998654
0 0.609375 0.282407 0.088021 0.160185 0.996860
0 0.547917 0.194444 0.047396 0.065741 0.981823
0 0.161979 0.125926 0.036458 0.047222 0.973622
2 0.527083 0.034259 0.031771 0.057407 0.947434
5 0.065104 0.246296 0.018750 0.089815 0.848309
3 0.552604 0.063889 0.007292 0.034259 0.656367
1 0.828646 0.518519 0.304167 0.535185 0.589067
4 0.123958 0.112963 0.027083 0.040741 0.396253
0 0.237500 0.082407 0.019792 0.027778 0.309678
