0 0.520833 0.349074 0.087500 0.165741 0.998274
0 0.494792 0.236111 0.056250 0.081481 0.998258
0 0.726042 0.523148 0.119792 0.161111 0.998253
0 0.386458 0.309259 0.071354 0.112037 0.995940
0 0.400000 0.171296 0.042188 0.055556 0.995577
0 0.472917 0.111111 0.030208 0.046296 0.984726
0 0.429688 0.091667 0.028125 0.037963 0.979051
0 0.408854 0.119444 0.031771 0.050000 0.973277
0 0.502604 0.098148 0.027604 0.033333 0.936643
0 0.477083 0.053704 0.021354 0.026852 0.922645
0 0.454688 0.073148 0.025000 0.037963 0.895776
0 0.545313 0.059259 0.018229 0.026852 0.777241
0 0.511458 0.034259 0.016146 0.024074 0.666824
0 0.484896 0.078704 0.023958 0.028704 0.521420
0 0.492188 0.050000 0.017188 0.023148 0.495102
0 0.238542 0.089815 0.032292 0.037963 0.464380
0 0.555729 0.043519 0.015104 0.025000 0.321941
