0 0.592708 0.696296 0.150521 0.227778 0.999047
0 0.365625 0.598148 0.135937 0.234259 0.998039
0 0.350000 0.836111 0.163021 0.315741 0.997907
0 0.825000 0.680556 0.184896 0.260185 0.997670
0 0.376563 0.208333 0.068750 0.080556 0.997346
0 0.469792 0.074074 0.022917 0.030556 0.994067
0 0.028125 0.208333 0.055208 0.067593 0.992769
0 0.929167 0.933333 0.137500 0.132407 0.977332
0 0.434375 0.087963 0.025000 0.034259 0.970156
2 0.515625 0.111111 0.055208 0.139815 0.958312
0 0.685938 0.957407 0.222396 0.081481 0.937004
0 0.165104 0.141667 0.039062 0.054630 0.934188
0 0.139583 0.120370 0.029167 0.041667 0.635583
4 0.553125 0.054630 0.015625 0.032407 0.453606
0 0.238021 0.156481 0.076563 0.051852 0.380520
