0 0.372396 0.487963 0.099479 0.160185 0.999865
0 0.465625 0.177778 0.043229 0.056481 0.999163
0 0.511979 0.104630 0.030208 0.040741 0.994805
0 0.436979 0.104630 0.028646 0.046296 0.993674
0 0.483333 0.051852 0.020312 0.026852 0.959285
0 0.508854 0.059259 0.019792 0.028704 0.922563
0 0.169792 0.152778 0.034896 0.048148 0.887777
0 0.458333 0.071296 0.027604 0.048148 0.860767
0 0.532292 0.042593 0.015625 0.022222 0.826225
0 0.513542 0.037037 0.015104 0.018519 0.757802
2 0.278125 0.146296 0.114583 0.065741 0.664941
0 0.496875 0.043519 0.016146 0.021296 0.556630
0 0.155729 0.108333 0.027604 0.027778 0.395561
