0 0.652083 0.373148 0.091667 0.130556 0.999718
0 0.531771 0.438889 0.105208 0.151852 0.999612
0 0.497396 0.319444 0.072917 0.096296 0.999579
0 0.645833 0.858333 0.191146 0.281481 0.999241
0 0.357292 0.485185 0.129167 0.276852 0.999136
0 0.902083 0.858333 0.195833 0.272222 0.998682
0 0.578125 0.248148 0.068229 0.094444 0.991867
0 0.094792 0.167593 0.047396 0.052778 0.988727
0 0.014583 0.228704 0.028646 0.064815 0.986673
0 0.053646 0.163889 0.041146 0.054630 0.983404
0 0.025000 0.145370 0.034896 0.040741 0.982965
0 0.344271 0.831481 0.171875 0.317593 0.976303
2 0.505729 0.109259 0.132292 0.109259 0.963804
0 0.358333 0.329630 0.079687 0.087037 0.949630
0 0.156250 0.107407 0.025000 0.025926 0.394158
