0 0.752083 0.557407 0.136458 0.192593 0.999809
0 0.342708 0.645370 0.136458 0.236111 0.999735
0 0.567708 0.636111 0.135417 0.225000 0.999521
0 0.644792 0.887037 0.200000 0.225926 0.998223
0 0.905208 0.828704 0.189063 0.247222 0.998213
0 0.088021 0.139815 0.043750 0.055556 0.995210
0 0.297917 0.933333 0.217187 0.132407 0.992105
0 0.028646 0.212963 0.056771 0.062963 0.990499
0 0.158854 0.129630 0.034896 0.048148 0.977406
0 0.930729 0.967593 0.138542 0.063889 0.928489
0 0.022396 0.180556 0.042708 0.044444 0.860115
0 0.481250 0.055556 0.021354 0.025926 0.796702
0 0.530208 0.032407 0.016146 0.022222 0.668119
3 0.662500 0.129630 0.010417 0.056481 0.638635
0 0.546354 0.026852 0.014062 0.018519 0.414240
