0 0.301562 0.331481 0.142708 0.112037 0.999103
0 0.338021 0.837037 0.177083 0.313889 0.998559
0 0.207813 0.274074 0.110937 0.083333 0.998053
0 0.814583 0.687037 0.179688 0.283333 0.997622
0 0.917188 0.903704 0.160417 0.182407 0.995879
0 0.589583 0.645370 0.152083 0.267593 0.995692
0 0.372917 0.184259 0.049479 0.068519 0.994160
0 0.634896 0.873148 0.205208 0.248148 0.992564
0 0.485417 0.112037 0.038021 0.036111 0.991108
0 0.473958 0.148148 0.036458 0.047222 0.990425
0 0.486458 0.195370 0.049479 0.065741 0.988637
0 0.405208 0.151852 0.037500 0.047222 0.986443
0 0.312500 0.275926 0.112500 0.072222 0.957437
0 0.040625 0.323148 0.080208 0.086111 0.936707
0 0.220833 0.144444 0.087500 0.047222 0.911166
4 0.688021 0.247222 0.067708 0.075926 0.891371
3 0.540625 0.102778 0.011458 0.043519 0.852596
