0 0.778646 0.621296 0.148958 0.205556 0.999271
0 0.611979 0.875000 0.185417 0.250000 0.998528
0 0.350521 0.661111 0.135937 0.280556 0.997999
0 0.348958 0.155556 0.082292 0.058333 0.997742
0 0.418750 0.132407 0.034375 0.044444 0.996789
0 0.107813 0.136111 0.038542 0.044444 0.996002
0 0.923437 0.875000 0.152604 0.250000 0.993956
0 0.472917 0.063889 0.021354 0.032407 0.977601
0 0.520312 0.051852 0.019792 0.027778 0.938919
0 0.455729 0.087963 0.026563 0.036111 0.919867
0 0.434896 0.063889 0.019271 0.031481 0.901614
4 0.097396 0.206481 0.027083 0.068519 0.402031
0 0.558333 0.035185 0.014062 0.022222 0.378223
