0 0.098958 0.122222 0.038021 0.045370 0.997380
0 0.394271 0.200926 0.049479 0.086111 0.997064
0 0.418229 0.141667 0.038542 0.048148 0.996294
0 0.477604 0.142593 0.038021 0.057407 0.991741
0 0.472396 0.100926 0.031250 0.037037 0.985086
0 0.015625 0.191667 0.030729 0.057407 0.983114
0 0.521354 0.102778 0.027083 0.037037 0.983050
0 0.056771 0.188889 0.056250 0.058333 0.973283
0 0.534375 0.079630 0.021354 0.033333 0.952565
0 0.482292 0.060185 0.020312 0.026852 0.921607
0 0.237500 0.150926 0.079687 0.058333 0.915275
0 0.516146 0.051852 0.017708 0.029630 0.881807
0 0.548958 0.053704 0.017188 0.027778 0.806306
