0 0.350000 0.713889 0.142708 0.222222 0.999810
0 0.611458 0.715741 0.150521 0.242593 0.999552
0 0.843229 0.726852 0.175000 0.226852 0.996054
0 0.493229 0.101852 0.033333 0.038889 0.993740
0 0.330208 0.950000 0.228125 0.100000 0.985103
0 0.060417 0.164815 0.044271 0.050000 0.980289
0 0.934375 0.875000 0.130729 0.249074 0.954502
3 0.565104 0.197222 0.021875 0.084259 0.942466
5 0.343750 0.233333 0.021875 0.076852 0.893994
0 0.514063 0.056481 0.018229 0.031481 0.876315
0 0.487500 0.040741 0.017708 0.024074 0.684325
0 0.550521 0.035185 0.015104 0.023148 0.594740
2 0.374479 0.131481 0.154167 0.116667 0.571202
2 0.300000 0.129630 0.316667 0.118519 0.382660
