0 0.352604 0.639815 0.131771 0.237963 0.999902
0 0.596354 0.695370 0.139583 0.234259 0.999313
0 0.804167 0.658333 0.175000 0.222222 0.998571
0 0.053646 0.166667 0.042708 0.051852 0.980608
0 0.236979 0.150926 0.082292 0.057407 0.868531
2 0.044792 0.284259 0.088542 0.171296 0.850999
0 0.016146 0.187037 0.031250 0.053704 0.766668
0 0.932813 0.965741 0.133854 0.068519 0.674244
0 0.448438 0.195370 0.077604 0.114815 0.672937
0 0.649479 0.968518 0.217187 0.062963 0.576380
0 0.053646 0.147222 0.037500 0.040741 0.365067
