0 0.338021 0.837037 0.176042 0.312963 0.998656
0 0.814583 0.687037 0.180208 0.281481 0.997652
0 0.379687 0.161111 0.042708 0.055556 0.997354
0 0.917708 0.905556 0.159375 0.180556 0.995494
0 0.484375 0.141667 0.034896 0.050000 0.995399
0 0.589583 0.646296 0.152083 0.268519 0.995393
0 0.634896 0.873148 0.205729 0.248148 0.991931
0 0.388021 0.116667 0.032812 0.039815 0.989848
0 0.467187 0.064815 0.021354 0.025000 0.988677
0 0.469792 0.112963 0.029687 0.037963 0.985976
0 0.431771 0.062963 0.022396 0.028704 0.979386
0 0.426562 0.097222 0.029167 0.034259 0.974559
0 0.507292 0.092593 0.026563 0.035185 0.974045
0 0.551042 0.079630 0.022917 0.030556 0.948816
0 0.514063 0.050926 0.019792 0.023148 0.945445
0 0.507292 0.070370 0.023438 0.027778 0.945275
0 0.227604 0.147222 0.090104 0.050000 0.912037
0 0.010937 0.151852 0.019271 0.051852 0.630804
3 0.436458 0.242593 0.077604 0.075000 0.520124
