0 0.579687 0.699074 0.152083 0.212963 0.999110
0 0.543229 0.219444 0.058333 0.077778 0.998473
0 0.506771 0.064815 0.019792 0.027778 0.987020
0 0.486979 0.092593 0.025000 0.038889 0.982300
0 0.423958 0.112963 0.034896 0.057407 0.976432
0 0.410937 0.174074 0.040625 0.065741 0.976393
0 0.467187 0.063889 0.020312 0.027778 0.962413
0 0.483333 0.053704 0.017708 0.024074 0.953625
0 0.450521 0.079630 0.026042 0.036111 0.949812
0 0.170312 0.152778 0.034896 0.048148 0.930464
0 0.493229 0.038889 0.015625 0.019444 0.685262
0 0.516146 0.045370 0.014583 0.021296 0.644801
0 0.533854 0.039815 0.014583 0.021296 0.534004
2 0.258854 0.147222 0.129688 0.068519 0.470205
