0 0.381771 0.431481 0.100000 0.162037 0.999823
0 0.555208 0.548148 0.127604 0.198148 0.999684
0 0.541146 0.279630 0.071354 0.088889 0.999400
0 0.514583 0.361111 0.086979 0.126852 0.999175
0 0.686458 0.432407 0.109375 0.177778 0.998888
0 0.328646 0.867593 0.196875 0.262037 0.998682
0 0.483333 0.175926 0.043229 0.062037 0.998620
0 0.031250 0.155556 0.040104 0.049074 0.998160
0 0.361458 0.246296 0.064062 0.124074 0.997495
0 0.081250 0.176852 0.050521 0.062963 0.994287
0 0.468229 0.119444 0.034375 0.047222 0.990574
0 0.397917 0.170370 0.045313 0.060185 0.986577
0 0.068229 0.124074 0.035937 0.040741 0.983763
0 0.933854 0.932407 0.130729 0.130556 0.978838
0 0.497917 0.091667 0.026563 0.037037 0.974554
0 0.572396 0.214815 0.063542 0.112963 0.962802
0 0.005208 0.204630 0.009896 0.064815 0.886419
