0 0.359896 0.665741 0.139062 0.232407 0.999803
0 0.799479 0.675926 0.160417 0.220370 0.999175
0 0.569792 0.656482 0.138021 0.212037 0.999089
0 0.525000 0.141667 0.033854 0.048148 0.998661
0 0.492188 0.109259 0.029687 0.037963 0.995824
0 0.436979 0.179630 0.054688 0.069444 0.995783
0 0.023438 0.217593 0.045833 0.059259 0.994182
0 0.469271 0.064815 0.022396 0.034259 0.962679
0 0.498437 0.044444 0.017708 0.022222 0.945262
0 0.276563 0.154630 0.085938 0.062037 0.914965
3 0.882812 0.370370 0.026042 0.114815 0.820768
0 0.534375 0.037037 0.016146 0.021296 0.805216
0 0.175521 0.141667 0.039583 0.062037 0.803625
0 0.377083 0.134259 0.072917 0.075926 0.726125
