0 0.348437 0.829630 0.156771 0.278704 0.999362
0 0.470313 0.225000 0.051042 0.071296 0.998628
0 0.514583 0.123148 0.034896 0.047222 0.997836
0 0.428646 0.117593 0.031250 0.050000 0.996269
0 0.475521 0.059259 0.022396 0.027778 0.967986
0 0.502604 0.065741 0.020833 0.031481 0.965396
0 0.448958 0.081481 0.029687 0.043519 0.965080
0 0.169792 0.151852 0.034896 0.049074 0.901649
0 0.525521 0.046296 0.016667 0.022222 0.799438
0 0.506250 0.039815 0.016146 0.019444 0.787722
2 0.275521 0.146296 0.109896 0.064815 0.697133
0 0.488542 0.047222 0.016146 0.021296 0.481286
