0 0.343750 0.710185 0.151042 0.256481 0.999730
0 0.586458 0.659259 0.165104 0.253704 0.999456
0 0.679688 0.904630 0.207813 0.187963 0.999411
0 0.828125 0.686111 0.167187 0.224074 0.999021
0 0.295312 0.911111 0.244271 0.177778 0.986459
0 0.034375 0.177778 0.050000 0.062037 0.983101
0 0.927604 0.861111 0.144271 0.268519 0.940910
2 0.542188 0.040741 0.031250 0.054630 0.866358
0 0.456250 0.068519 0.021875 0.027778 0.838697
0 0.494792 0.050926 0.018229 0.024074 0.761374
0 0.236458 0.093519 0.032292 0.040741 0.379816
