0 0.782812 0.634259 0.147917 0.211111 0.999469
0 0.581250 0.626852 0.154167 0.287963 0.999087
0 0.027604 0.200926 0.052083 0.076852 0.997621
0 0.342187 0.597222 0.152083 0.311111 0.995474
0 0.271354 0.247222 0.100521 0.089815 0.995243
0 0.881771 0.858333 0.211979 0.279630 0.994985
0 0.660417 0.930556 0.218229 0.138889 0.985264
3 0.277604 0.340741 0.044271 0.104630 0.963869
0 0.304688 0.916667 0.185417 0.165741 0.956652
3 0.102604 0.217593 0.021875 0.076852 0.889260
3 0.267188 0.430556 0.065104 0.161111 0.863688
0 0.554688 0.032407 0.015625 0.021296 0.388109
