0 0.523958 0.412037 0.092188 0.128704 0.999815
0 0.352083 0.672222 0.140104 0.245370 0.999625
0 0.370833 0.335185 0.072917 0.103704 0.999411
0 0.402083 0.218519 0.045833 0.084259 0.998613
0 0.498958 0.291667 0.061458 0.088889 0.998605
0 0.526042 0.150926 0.037500 0.052778 0.998435
0 0.657292 0.900000 0.214062 0.200000 0.997867
0 0.033333 0.207407 0.054167 0.063889 0.997528
0 0.607813 0.321296 0.081250 0.097222 0.994317
0 0.572917 0.208333 0.051042 0.067593 0.993821
0 0.489583 0.194444 0.043750 0.060185 0.989507
0 0.473958 0.081481 0.025521 0.032407 0.971758
0 0.039583 0.140741 0.038542 0.040741 0.961458
