0 0.379167 0.634259 0.131771 0.212037 0.999749
0 0.608333 0.677778 0.135417 0.268519 0.999459
0 0.035937 0.198148 0.051562 0.068519 0.994349
0 0.016146 0.166667 0.031250 0.051852 0.988901
0 0.415104 0.104630 0.035417 0.043519 0.976830
2 0.244271 0.126852 0.130208 0.105556 0.598198
0 0.496875 0.042593 0.015104 0.024074 0.532988
0 0.155729 0.117593 0.035417 0.036111 0.495711
5 0.867708 0.242593 0.014062 0.080556 0.474106
5 0.852604 0.244444 0.014583 0.083333 0.464369
2 0.518229 0.078704 0.039062 0.084259 0.458055
