0 0.569792 0.587963 0.130729 0.209259 0.999763
0 0.511458 0.389815 0.082292 0.133333 0.999147
0 0.341667 0.400926 0.083854 0.137037 0.999080
0 0.791146 0.620370 0.145313 0.211111 0.998970
0 0.498437 0.251852 0.064062 0.083333 0.998801
0 0.052083 0.167593 0.043229 0.051852 0.997565
0 0.319792 0.201852 0.054167 0.082407 0.996724
0 0.529688 0.149074 0.043229 0.055556 0.996677
0 0.396354 0.189815 0.047917 0.058333 0.994570
0 0.612500 0.305556 0.072917 0.100926 0.992881
0 0.479167 0.189815 0.051042 0.064815 0.978768
0 0.065104 0.126852 0.034375 0.035185 0.970816
0 0.119271 0.150926 0.041667 0.056481 0.920684
0 0.118229 0.130556 0.039583 0.048148 0.878124
0 0.008854 0.197222 0.016667 0.057407 0.864799
