0 0.372396 0.676852 0.145833 0.252778 0.999681
0 0.651042 0.433333 0.106250 0.134259 0.999626
0 0.348437 0.353704 0.089583 0.181481 0.999292
0 0.627083 0.837963 0.193229 0.300926 0.998806
0 0.117188 0.117593 0.034896 0.040741 0.998518
0 0.617188 0.293519 0.090625 0.153704 0.998267
0 0.493229 0.252778 0.060417 0.089815 0.998258
0 0.560417 0.521296 0.121354 0.190741 0.998239
0 0.835417 0.704630 0.179688 0.292593 0.996425
0 0.465625 0.167593 0.045833 0.058333 0.996196
0 0.385938 0.227778 0.057292 0.082407 0.995769
0 0.078125 0.152778 0.041667 0.050000 0.994652
0 0.497396 0.129630 0.032812 0.045370 0.994650
0 0.174479 0.123148 0.032292 0.048148 0.731468
