0 0.378646 0.635185 0.131771 0.211111 0.999771
0 0.036458 0.198148 0.051042 0.069444 0.993819
0 0.661458 0.855556 0.176563 0.283333 0.993604
0 0.479688 0.126852 0.033333 0.045370 0.992969
0 0.016146 0.166667 0.031250 0.051852 0.989280
0 0.422396 0.112963 0.031250 0.043519 0.973312
3 0.542708 0.108333 0.011979 0.043519 0.923337
3 0.675521 0.262963 0.041146 0.080556 0.880231
0 0.495313 0.046296 0.020833 0.030556 0.861133
0 0.282813 0.150926 0.051562 0.066667 0.691538
0 0.556250 0.027778 0.012500 0.022222 0.358444
