0 0.044271 0.168519 0.043229 0.047222 0.996778
0 0.473437 0.140741 0.035937 0.048148 0.995551
0 0.526042 0.098148 0.025521 0.037963 0.994648
0 0.085417 0.117593 0.029687 0.036111 0.992401
0 0.026042 0.212963 0.051562 0.069444 0.990408
0 0.543229 0.062963 0.018229 0.029630 0.982753
0 0.438542 0.093519 0.027604 0.037963 0.980056
0 0.459375 0.069444 0.021875 0.034259 0.979897
0 0.495313 0.079630 0.023438 0.033333 0.971584
0 0.472917 0.044444 0.018750 0.023148 0.939299
0 0.517708 0.046296 0.017188 0.025000 0.936260
5 0.066146 0.246296 0.019271 0.084259 0.850489
0 0.501042 0.063889 0.019792 0.026852 0.361947
0 0.526042 0.031481 0.015104 0.020370 0.291097
