0 0.342708 0.562037 0.106250 0.178704 0.998756
0 0.389583 0.342593 0.072396 0.133333 0.998607
0 0.475521 0.147222 0.035417 0.050000 0.997575
0 0.098438 0.128704 0.035417 0.038889 0.997331
0 0.428646 0.126852 0.035417 0.041667 0.996471
0 0.025000 0.209259 0.049479 0.063889 0.994714
0 0.534896 0.088889 0.023958 0.032407 0.991742
0 0.487500 0.104630 0.030208 0.036111 0.991425
0 0.507292 0.072222 0.019792 0.028704 0.986731
0 0.397917 0.181481 0.046354 0.055556 0.985300
3 0.803125 0.512037 0.039062 0.166667 0.973564
0 0.479688 0.063889 0.018750 0.030556 0.969164
0 0.443229 0.073148 0.023438 0.028704 0.951300
0 0.542188 0.061111 0.019271 0.024074 0.945621
0 0.513021 0.056481 0.017708 0.025000 0.736538
0 0.554688 0.043519 0.017188 0.023148 0.643511
0 0.433854 0.100000 0.029167 0.032407 0.631066
0 0.495313 0.039815 0.016667 0.020370 0.547893
0 0.251042 0.088889 0.023438 0.026852 0.255731
