0 0.363021 0.868519 0.194271 0.262963 0.999322
0 0.553125 0.542593 0.118229 0.197222 0.998400
0 0.328646 0.581481 0.119271 0.198148 0.998030
0 0.623958 0.856481 0.197396 0.282407 0.996485
0 0.069271 0.163889 0.058854 0.086111 0.993863
0 0.895312 0.889815 0.209375 0.214815 0.991223
0 0.117188 0.149074 0.043750 0.058333 0.987676
2 0.503646 0.050926 0.028646 0.059259 0.958208
0 0.025521 0.151852 0.035937 0.046296 0.946320
0 0.021354 0.216667 0.041667 0.065741 0.930513
1 0.736458 0.475000 0.229167 0.340741 0.820982
0 0.245312 0.078704 0.023958 0.025000 0.584561
2 0.560938 0.034259 0.026563 0.048148 0.315102
0 0.005729 0.147222 0.010937 0.053704 0.282119
