0 0.383333 0.366667 0.077083 0.116667 0.998781
0 0.467708 0.150926 0.038542 0.050000 0.998566
0 0.638021 0.856481 0.189063 0.283333 0.997728
0 0.512500 0.093519 0.027604 0.038889 0.993364
0 0.127083 0.116667 0.029687 0.034259 0.986895
0 0.443750 0.094444 0.026563 0.041667 0.976810
0 0.169792 0.151852 0.034375 0.049074 0.897587
0 0.514063 0.053704 0.018750 0.028704 0.897396
0 0.491146 0.049074 0.020312 0.025926 0.747218
2 0.279167 0.148148 0.113542 0.064815 0.721158
0 0.464583 0.064815 0.026563 0.045370 0.718158
0 0.540104 0.037037 0.015625 0.021296 0.473908
