0 0.840104 0.718518 0.173958 0.243519 0.998580
0 0.052083 0.190741 0.053125 0.062037 0.993533
0 0.122396 0.149074 0.041667 0.051852 0.984158
0 0.540104 0.055556 0.018750 0.027778 0.958111
0 0.659375 0.949074 0.216667 0.101852 0.946458
0 0.501042 0.068519 0.021354 0.030556 0.918675
0 0.491146 0.090741 0.027083 0.035185 0.905628
0 0.175000 0.147222 0.034896 0.050000 0.900697
0 0.009375 0.234259 0.017708 0.075926 0.847703
0 0.235417 0.101852 0.041146 0.050000 0.726981
0 0.165625 0.127778 0.034896 0.046296 0.619447
4 0.106771 0.102778 0.017188 0.036111 0.451068
0 0.504687 0.036111 0.022396 0.036111 0.429926
0 0.007292 0.187037 0.014062 0.052778 0.386570
