0 0.391667 0.429630 0.094792 0.159259 0.999905
0 0.738542 0.546296 0.131771 0.193519 0.999565
0 0.336458 0.696296 0.159375 0.286111 0.999521
0 0.560417 0.487037 0.097396 0.196296 0.999015
0 0.624479 0.853704 0.209896 0.287037 0.998637
0 0.496875 0.300000 0.070833 0.104630 0.998473
0 0.047917 0.197222 0.054167 0.069444 0.993404
0 0.120312 0.150926 0.041667 0.053704 0.985360
0 0.617188 0.325000 0.078646 0.098148 0.976310
0 0.080208 0.171296 0.041667 0.062037 0.974863
0 0.021875 0.162037 0.034375 0.048148 0.970847
0 0.050521 0.146296 0.034375 0.043519 0.963670
0 0.176042 0.122222 0.030729 0.039815 0.949622
1 0.086979 0.106481 0.066667 0.084259 0.886836
0 0.006771 0.195370 0.013021 0.058333 0.853234
0 0.114063 0.131481 0.035417 0.042593 0.661642
0 0.245312 0.103704 0.030208 0.039815 0.597563
