0 0.377083 0.531482 0.121354 0.200000 0.999632
0 0.534896 0.432407 0.104167 0.152778 0.999613
0 0.583854 0.673148 0.154687 0.245370 0.999498
0 0.747396 0.544444 0.136979 0.223148 0.999377
0 0.352083 0.293519 0.075521 0.149074 0.999220
0 0.392188 0.197222 0.049479 0.071296 0.998048
0 0.486458 0.208333 0.050521 0.075000 0.997831
0 0.033333 0.176852 0.044792 0.055556 0.997763
0 0.465625 0.138889 0.038542 0.052778 0.996363
0 0.589583 0.344444 0.083854 0.107407 0.995572
0 0.591146 0.241667 0.077083 0.131481 0.994462
0 0.496875 0.108333 0.029687 0.040741 0.991941
0 0.075521 0.133333 0.035937 0.045370 0.989195
0 0.109896 0.106481 0.031250 0.037963 0.986865
0 0.130208 0.146296 0.036979 0.050926 0.910719
