0 0.359896 0.900000 0.208333 0.200000 0.999750
0 0.318229 0.681481 0.134375 0.238889 0.999580
0 0.579687 0.646296 0.145313 0.237963 0.999458
0 0.355208 0.224074 0.072917 0.074074 0.998912
0 0.414583 0.160185 0.052083 0.061111 0.992530
2 0.436979 0.083333 0.050000 0.101852 0.991646
0 0.032292 0.203704 0.053646 0.067593 0.990937
0 0.658854 0.913889 0.227083 0.172222 0.987373
0 0.485938 0.053704 0.019792 0.026852 0.966920
2 0.523958 0.031481 0.028646 0.058333 0.925655
1 0.831771 0.631481 0.335938 0.536111 0.850342
2 0.239063 0.137963 0.161458 0.093519 0.565135
0 0.016667 0.186111 0.032292 0.057407 0.491121
0 0.006250 0.139815 0.011979 0.050926 0.425747
3 0.851562 0.293519 0.017188 0.100926 0.303122
