0 0.700521 0.447222 0.112500 0.156481 0.999822
0 0.535417 0.487037 0.109896 0.172222 0.999592
0 0.483333 0.146296 0.039062 0.056481 0.997923
0 0.356250 0.553704 0.109896 0.195370 0.997704
0 0.374479 0.312963 0.070833 0.108333 0.996827
0 0.539062 0.129630 0.032812 0.045370 0.996624
0 0.518229 0.064815 0.020833 0.027778 0.991894
0 0.403125 0.170370 0.047917 0.065741 0.987489
0 0.455208 0.082407 0.022917 0.035185 0.984176
0 0.056250 0.183333 0.048958 0.064815 0.976190
0 0.478125 0.093519 0.032812 0.056481 0.954045
0 0.527604 0.043519 0.016667 0.022222 0.817436
0 0.497396 0.049074 0.016667 0.023148 0.763386
0 0.551042 0.033333 0.014062 0.020370 0.655792
0 0.511458 0.040741 0.016667 0.020370 0.611147
