0 0.626562 0.381481 0.090104 0.115741 0.999194
0 0.483854 0.158333 0.038542 0.051852 0.998237
0 0.553125 0.176852 0.045313 0.069444 0.996812
0 0.043750 0.163889 0.046875 0.066667 0.985039
0 0.402083 0.133333 0.033854 0.053704 0.984326
0 0.483854 0.109259 0.031771 0.040741 0.984307
0 0.438542 0.091667 0.028646 0.036111 0.978859
0 0.166667 0.126852 0.036458 0.038889 0.918636
0 0.487500 0.054630 0.018750 0.023148 0.895732
0 0.527083 0.046296 0.018229 0.023148 0.860440
0 0.510417 0.062963 0.020312 0.024074 0.853414
0 0.491667 0.091667 0.024479 0.031481 0.613751
0 0.467708 0.046296 0.018229 0.022222 0.460019
