0 0.417708 0.297222 0.114583 0.100000 0.999567
0 0.117708 0.300000 0.134896 0.087963 0.999098
0 0.338021 0.837963 0.177083 0.313889 0.998564
0 0.814583 0.687037 0.180208 0.282407 0.997568
0 0.377604 0.166667 0.043229 0.058333 0.996972
0 0.916667 0.905556 0.158854 0.182407 0.996127
0 0.589583 0.645370 0.152083 0.269444 0.994672
0 0.493229 0.171296 0.042188 0.056481 0.994152
0 0.411979 0.138889 0.036458 0.045370 0.993377
0 0.635938 0.872222 0.206250 0.247222 0.990711
0 0.286458 0.250926 0.093229 0.075000 0.989760
0 0.501562 0.109259 0.033854 0.037037 0.986415
0 0.475000 0.136111 0.033333 0.045370 0.979427
0 0.373958 0.259259 0.094792 0.078704 0.977760
4 0.687500 0.246296 0.067188 0.075000 0.908703
0 0.220313 0.144444 0.088021 0.047222 0.871881
3 0.540625 0.097222 0.010937 0.037963 0.720110
