0 0.315104 0.148148 0.089062 0.059259 0.998345
0 0.486458 0.240741 0.056771 0.076852 0.997796
0 0.136979 0.120370 0.034375 0.040741 0.994565
0 0.551562 0.185185 0.047396 0.067593 0.992853
0 0.026042 0.206481 0.051562 0.064815 0.988869
0 0.096875 0.164815 0.043229 0.057407 0.988180
0 0.222396 0.117593 0.033854 0.039815 0.903931
0 0.176563 0.131481 0.032292 0.061111 0.784891
0 0.530208 0.055556 0.021354 0.026852 0.719703
3 0.892187 0.350926 0.017188 0.098148 0.623203
4 0.106771 0.102778 0.017188 0.035185 0.307177
0 0.564583 0.037037 0.016667 0.022222 0.261484
