0 0.338021 0.837037 0.176563 0.313889 0.998285
0 0.485417 0.120370 0.030729 0.043519 0.997756
0 0.815104 0.686111 0.180208 0.280556 0.997628
0 0.400521 0.127778 0.035417 0.044444 0.996659
0 0.589063 0.645370 0.152083 0.265741 0.995903
0 0.917188 0.904630 0.158854 0.180556 0.995504
0 0.507292 0.074074 0.021875 0.029630 0.993860
0 0.634896 0.873148 0.205729 0.247222 0.990812
0 0.441146 0.079630 0.023958 0.028704 0.990139
4 0.278646 0.254630 0.081771 0.081481 0.989771
0 0.408854 0.093519 0.029687 0.033333 0.980825
0 0.484375 0.054630 0.017708 0.021296 0.953378
0 0.246354 0.147222 0.101042 0.057407 0.930308
0 0.455729 0.049074 0.020312 0.026852 0.915150
0 0.481771 0.090741 0.025000 0.028704 0.876796
0 0.521354 0.059259 0.019271 0.025926 0.843596
0 0.533854 0.040741 0.015625 0.022222 0.805078
0 0.559896 0.075000 0.022917 0.030556 0.631412
5 0.732813 0.216667 0.011458 0.063889 0.326929
