0 0.386458 0.362037 0.079167 0.120370 0.999483
0 0.592708 0.276852 0.068229 0.077778 0.998866
0 0.031250 0.165741 0.057292 0.074074 0.997561
0 0.497917 0.260185 0.061979 0.112963 0.997377
0 0.617708 0.357407 0.080729 0.108333 0.976992
0 0.097917 0.142593 0.041146 0.047222 0.972567
2 0.560938 0.471296 0.123438 0.298148 0.958593
0 0.011458 0.225000 0.021875 0.084259 0.902836
3 0.675000 0.330556 0.027604 0.117593 0.873925
0 0.123958 0.111111 0.046875 0.075926 0.807818
0 0.245312 0.089815 0.025000 0.031481 0.399448
