0 0.718229 0.524074 0.123438 0.155556 0.998674
0 0.903646 0.894444 0.192708 0.200000 0.997648
0 0.369271 0.313889 0.083854 0.166667 0.997019
0 0.536979 0.483333 0.107813 0.176852 0.996863
0 0.543750 0.137963 0.035417 0.051852 0.996812
0 0.411979 0.155556 0.038542 0.054630 0.996139
0 0.361458 0.830556 0.164062 0.308333 0.995914
0 0.494271 0.309259 0.073958 0.113889 0.994973
0 0.478646 0.215741 0.052604 0.070370 0.994848
0 0.483333 0.169444 0.042188 0.050000 0.993252
0 0.415625 0.091667 0.031771 0.039815 0.989546
0 0.061458 0.165741 0.045313 0.050926 0.985998
0 0.138021 0.141667 0.038021 0.050000 0.982035
0 0.504167 0.069444 0.022396 0.031481 0.976269
1 0.534375 0.082407 0.039062 0.089815 0.973843
0 0.463542 0.067593 0.021875 0.028704 0.973124
0 0.481771 0.108333 0.030208 0.043519 0.968469
0 0.050000 0.139815 0.040104 0.052778 0.918684
0 0.361458 0.225000 0.055208 0.076852 0.876397
0 0.161458 0.112963 0.034375 0.036111 0.787143
0 0.003646 0.179630 0.006771 0.061111 0.404913
