0 0.386458 0.529630 0.108854 0.175000 0.999683
0 0.589583 0.609259 0.122917 0.255556 0.999467
0 0.659896 0.900000 0.201042 0.200000 0.999240
0 0.448958 0.126852 0.039062 0.044444 0.998088
0 0.085417 0.171296 0.041146 0.053704 0.995238
0 0.138021 0.142593 0.035937 0.052778 0.993275
0 0.020833 0.179630 0.041146 0.053704 0.988265
0 0.014583 0.218519 0.028125 0.072222 0.981856
2 0.526042 0.078704 0.040625 0.100000 0.977963
1 0.082292 0.112963 0.066146 0.088889 0.960622
5 0.801042 0.193519 0.013542 0.062963 0.853081
5 0.813021 0.194444 0.011979 0.064815 0.817555
0 0.247917 0.088889 0.022917 0.029630 0.781653
