0 0.534375 0.141667 0.036979 0.046296 0.998816
0 0.400000 0.224074 0.051562 0.076852 0.998460
0 0.504687 0.079630 0.022917 0.029630 0.989212
3 0.225521 0.263889 0.032812 0.084259 0.988090
0 0.417708 0.133333 0.035937 0.047222 0.986219
0 0.118750 0.132407 0.036458 0.045370 0.978440
0 0.430729 0.107407 0.029687 0.035185 0.936259
0 0.543229 0.054630 0.018750 0.028704 0.919853
0 0.521875 0.050926 0.016146 0.021296 0.905023
0 0.478646 0.051852 0.020833 0.034259 0.453959
0 0.251042 0.085185 0.021354 0.025926 0.379377
