0 0.580208 0.701852 0.161458 0.254630 0.999840
0 0.357812 0.676852 0.137500 0.219444 0.999825
0 0.816667 0.716667 0.194792 0.252778 0.998503
0 0.460938 0.140741 0.041667 0.051852 0.996877
0 0.340104 0.897222 0.207813 0.202778 0.988999
0 0.659375 0.916667 0.235417 0.165741 0.985562
0 0.129688 0.146296 0.038021 0.047222 0.956233
3 0.207292 0.228704 0.032292 0.066667 0.925714
0 0.934375 0.955556 0.129688 0.088889 0.919205
0 0.464583 0.050926 0.019271 0.025000 0.901582
0 0.536458 0.043519 0.018229 0.025000 0.879094
0 0.497917 0.033333 0.016146 0.021296 0.775911
