0 0.502604 0.368519 0.086979 0.116667 0.999536
0 0.479167 0.252778 0.055208 0.083333 0.999336
0 0.379687 0.220370 0.054688 0.076852 0.999042
0 0.598437 0.310185 0.075000 0.098148 0.998850
0 0.898438 0.867593 0.202604 0.263889 0.998817
0 0.546875 0.199074 0.054167 0.071296 0.998805
0 0.368229 0.336111 0.077604 0.125000 0.998751
0 0.625521 0.866667 0.180729 0.265741 0.998485
0 0.723437 0.517593 0.130729 0.170370 0.997475
0 0.298958 0.947222 0.221875 0.104630 0.989267
0 0.023958 0.212037 0.046875 0.067593 0.987305
0 0.083333 0.175926 0.046354 0.056481 0.981260
0 0.126042 0.103704 0.025521 0.031481 0.957277
0 0.088542 0.125926 0.035937 0.038889 0.952449
0 0.535417 0.080556 0.023958 0.041667 0.952006
0 0.152083 0.132407 0.035937 0.047222 0.927311
3 0.676562 0.137037 0.016667 0.059259 0.904738
0 0.073958 0.150926 0.041146 0.048148 0.840331
