0 0.348958 0.380556 0.083854 0.120370 0.999752
0 0.544271 0.513889 0.107813 0.163889 0.999632
0 0.484896 0.313889 0.069271 0.096296 0.999599
0 0.358333 0.684259 0.144792 0.261111 0.999394
0 0.531250 0.133333 0.032812 0.046296 0.997395
0 0.389062 0.151852 0.039583 0.058333 0.997151
0 0.488021 0.098148 0.026563 0.038889 0.996577
0 0.441146 0.200000 0.048437 0.066667 0.994383
0 0.447396 0.123148 0.033854 0.047222 0.992812
0 0.386979 0.100926 0.030208 0.045370 0.989201
0 0.503125 0.061111 0.020312 0.027778 0.983225
0 0.462500 0.071296 0.025000 0.032407 0.973721
0 0.472917 0.171296 0.037500 0.054630 0.969915
2 0.532292 0.060185 0.035417 0.087037 0.968426
0 0.430208 0.090741 0.029687 0.050000 0.965901
3 0.027083 0.147222 0.016667 0.036111 0.337609
0 0.486979 0.074074 0.022917 0.026852 0.325769
