0 0.359375 0.377778 0.082292 0.162963 0.998536
0 0.534375 0.118519 0.028125 0.043519 0.998403
0 0.482292 0.208333 0.050000 0.094444 0.996849
0 0.331771 0.914815 0.200000 0.166667 0.995429
0 0.393229 0.254630 0.060417 0.085185 0.995295
0 0.395833 0.182407 0.046875 0.075000 0.994590
0 0.411979 0.123148 0.035937 0.045370 0.993193
0 0.463542 0.137037 0.034375 0.050926 0.989155
0 0.019271 0.188889 0.037500 0.051852 0.978658
0 0.165104 0.125926 0.039062 0.047222 0.969393
0 0.451042 0.073148 0.027083 0.036111 0.963386
0 0.485938 0.061111 0.022917 0.030556 0.954292
0 0.514063 0.061111 0.019271 0.026852 0.940789
0 0.531771 0.087963 0.023438 0.033333 0.928850
0 0.436979 0.103704 0.028125 0.037963 0.846514
0 0.546354 0.052778 0.017188 0.029630 0.845820
0 0.479167 0.165741 0.042188 0.049074 0.830951
0 0.003125 0.236111 0.005729 0.069444 0.532062
0 0.521354 0.045370 0.017708 0.023148 0.408026
