0 0.112500 0.336111 0.151562 0.104630 0.999361
0 0.338542 0.838889 0.177083 0.318519 0.998329
0 0.814583 0.686111 0.180208 0.281481 0.997736
0 0.589583 0.662963 0.151042 0.286111 0.997349
0 0.377083 0.145370 0.065104 0.046296 0.987772
3 0.521354 0.184259 0.018229 0.066667 0.940845
2 0.533333 0.088889 0.023958 0.040741 0.778886
0 0.198437 0.145370 0.073437 0.051852 0.648181
3 0.764063 0.246296 0.056250 0.075000 0.435836
0 0.127604 0.285185 0.130729 0.066667 0.390916
0 0.948958 0.970370 0.102083 0.059259 0.366918
0 0.525000 0.032407 0.016667 0.023148 0.363454
