0 0.556771 0.665741 0.138021 0.211111 0.999879
0 0.588542 0.280556 0.070312 0.092593 0.999506
0 0.360417 0.611111 0.129167 0.228704 0.999377
0 0.482812 0.272222 0.065625 0.097222 0.999172
0 0.532812 0.439815 0.092708 0.138889 0.999095
0 0.364062 0.272222 0.057292 0.109259 0.997450
0 0.503646 0.142593 0.041146 0.053704 0.996005
0 0.533333 0.177778 0.046875 0.066667 0.995311
0 0.381250 0.202778 0.059375 0.105556 0.995106
2 0.533333 0.081481 0.042188 0.109259 0.985246
0 0.441146 0.171296 0.049479 0.062963 0.980469
0 0.450521 0.137037 0.038542 0.043519 0.971436
0 0.123958 0.128704 0.036979 0.046296 0.959036
0 0.366667 0.150000 0.043229 0.055556 0.904079
0 0.006250 0.175000 0.011979 0.056481 0.861004
0 0.237500 0.100926 0.033333 0.042593 0.711712
0 0.120833 0.112963 0.035417 0.041667 0.529273
