0 0.496875 0.391667 0.085417 0.147222 0.999491
0 0.358333 0.334259 0.069271 0.106481 0.998928
0 0.044271 0.167593 0.045313 0.059259 0.998333
0 0.381250 0.247222 0.053646 0.100000 0.997145
0 0.463542 0.130556 0.035937 0.051852 0.997141
0 0.469792 0.214815 0.047396 0.070370 0.996606
0 0.713021 0.501852 0.117188 0.162037 0.996267
0 0.395833 0.146296 0.036979 0.051852 0.995619
0 0.132812 0.141667 0.036458 0.059259 0.981694
1 0.539583 0.123148 0.058854 0.159259 0.965129
0 0.178646 0.107407 0.023438 0.029630 0.256368
