0 0.642708 0.367593 0.089062 0.113889 0.999409
0 0.347917 0.283333 0.063542 0.090741 0.999093
0 0.484896 0.340741 0.074479 0.121296 0.997889
0 0.464583 0.180556 0.042188 0.057407 0.997177
0 0.472396 0.111111 0.032812 0.046296 0.996692
0 0.386979 0.218519 0.049479 0.093519 0.994767
0 0.408333 0.125926 0.033854 0.045370 0.994080
0 0.019271 0.184259 0.038021 0.060185 0.989488
0 0.097917 0.162037 0.046354 0.068519 0.979112
1 0.534896 0.108333 0.057813 0.128704 0.963004
0 0.147917 0.111111 0.034896 0.052778 0.794091
2 0.968229 0.892593 0.063542 0.214815 0.512220
