0 0.338542 0.837037 0.176042 0.313889 0.998391
0 0.814583 0.687037 0.180729 0.281481 0.997566
0 0.917188 0.904630 0.159375 0.181481 0.995828
0 0.589583 0.646296 0.152083 0.265741 0.995399
0 0.635417 0.873148 0.205729 0.248148 0.990414
0 0.428646 0.098148 0.032292 0.041667 0.989180
0 0.511979 0.060185 0.019271 0.026852 0.978098
0 0.472917 0.059259 0.019792 0.025000 0.906907
0 0.531250 0.045370 0.017708 0.022222 0.895333
0 0.223438 0.100926 0.031250 0.035185 0.811065
0 0.565625 0.072222 0.019271 0.030556 0.793245
0 0.485938 0.044444 0.016667 0.022222 0.764945
0 0.563542 0.034259 0.015104 0.020370 0.587376
0 0.186458 0.137963 0.032292 0.042593 0.431276
0 0.160417 0.103704 0.027083 0.026852 0.423017
0 0.507292 0.040741 0.015625 0.018519 0.422219
