0 0.367708 0.604630 0.113542 0.200000 0.999468
0 0.799479 0.687037 0.158333 0.216667 0.999396
0 0.356771 0.900926 0.178646 0.197222 0.999361
0 0.215625 0.285185 0.139583 0.085185 0.999337
0 0.102083 0.157407 0.043750 0.058333 0.998237
0 0.534896 0.145370 0.036979 0.049074 0.997284
0 0.592188 0.681481 0.141667 0.228704 0.995774
0 0.431250 0.140741 0.039062 0.053704 0.995105
0 0.034896 0.350000 0.069271 0.103704 0.980749
3 0.703646 0.196296 0.016667 0.070370 0.959658
0 0.496354 0.045370 0.018229 0.019444 0.921512
0 0.682292 0.966667 0.227083 0.066667 0.859980
0 0.532812 0.041667 0.016667 0.022222 0.858201
0 0.522917 0.036111 0.014583 0.018519 0.390027
