0 0.592708 0.696296 0.150521 0.228704 0.999049
0 0.350521 0.836111 0.163021 0.317593 0.997812
0 0.365625 0.598148 0.135417 0.235185 0.997739
0 0.825000 0.680556 0.185937 0.260185 0.997165
0 0.296875 0.155556 0.083333 0.058333 0.995988
0 0.090104 0.142593 0.043750 0.050000 0.995162
0 0.429688 0.167593 0.051562 0.063889 0.994459
0 0.028125 0.208333 0.055729 0.066667 0.993557
0 0.482812 0.062963 0.021354 0.026852 0.977093
0 0.928646 0.933333 0.137500 0.132407 0.976391
2 0.517187 0.099074 0.048437 0.121296 0.972183
0 0.447917 0.070370 0.022917 0.029630 0.968064
0 0.685938 0.958333 0.223438 0.081481 0.941060
0 0.126563 0.103704 0.025000 0.032407 0.825445
0 0.173958 0.147222 0.040104 0.056481 0.745372
