0 0.343229 0.706481 0.150521 0.246296 0.999689
0 0.586979 0.658333 0.164583 0.252778 0.999466
0 0.680208 0.904630 0.208333 0.188889 0.999292
0 0.828646 0.686111 0.166667 0.224074 0.999068
0 0.295833 0.906482 0.242188 0.186111 0.988077
0 0.927604 0.862037 0.144792 0.265741 0.941860
0 0.171354 0.126852 0.032292 0.040741 0.840578
0 0.489062 0.050000 0.018229 0.024074 0.639321
0 0.525521 0.033333 0.015104 0.020370 0.413975
0 0.006771 0.205556 0.013021 0.063889 0.316027
2 0.556250 0.031481 0.025000 0.047222 0.268083
