0 0.367708 0.604630 0.113542 0.200926 0.999483
0 0.356771 0.901852 0.178646 0.196296 0.999357
0 0.792188 0.672222 0.154687 0.218519 0.999292
0 0.408333 0.227778 0.071354 0.076852 0.999214
0 0.592708 0.681481 0.141667 0.228704 0.995149
0 0.065104 0.179630 0.050521 0.063889 0.994994
0 0.446354 0.090741 0.030208 0.037963 0.994337
0 0.524479 0.082407 0.022917 0.032407 0.989436
0 0.436458 0.185185 0.053646 0.061111 0.988825
0 0.056250 0.329630 0.111458 0.099074 0.987525
0 0.681771 0.966667 0.229167 0.066667 0.906152
3 0.657292 0.243519 0.028646 0.079630 0.677490
0 0.523958 0.033333 0.016146 0.019444 0.598318
