0 0.655208 0.375000 0.085938 0.121296 0.999421
0 0.517708 0.341667 0.080729 0.120370 0.999379
0 0.335938 0.252778 0.060417 0.081481 0.999271
0 0.357812 0.390741 0.080208 0.163889 0.999240
0 0.349479 0.737037 0.153646 0.279630 0.998505
0 0.389583 0.167593 0.042188 0.056481 0.998452
0 0.535937 0.477778 0.109896 0.169444 0.998274
0 0.023438 0.185185 0.045313 0.052778 0.997490
1 0.534896 0.143519 0.068750 0.153704 0.997457
0 0.479688 0.228704 0.055208 0.081481 0.997207
0 0.473958 0.139815 0.036458 0.049074 0.996609
0 0.083333 0.176852 0.045313 0.053704 0.996103
0 0.478125 0.099074 0.027604 0.037037 0.985211
0 0.459375 0.072222 0.023958 0.027778 0.982412
0 0.686458 0.974074 0.240625 0.050926 0.868990
5 0.066146 0.246296 0.019271 0.085185 0.773637
0 0.008333 0.160185 0.015625 0.050000 0.650071
0 0.516667 0.060185 0.023438 0.028704 0.302341
