0 0.468750 0.218519 0.050000 0.082407 0.998690
0 0.344271 0.175000 0.044792 0.059259 0.997985
0 0.406250 0.146296 0.036979 0.061111 0.997020
0 0.466146 0.113889 0.028125 0.040741 0.995275
0 0.552083 0.188889 0.046875 0.064815 0.994750
0 0.098438 0.160185 0.045313 0.059259 0.992847
0 0.023958 0.176852 0.046354 0.074074 0.989401
1 0.704167 0.432407 0.203646 0.361111 0.986062
0 0.448958 0.081481 0.024479 0.033333 0.981235
0 0.496354 0.071296 0.023438 0.034259 0.971564
1 0.529688 0.081481 0.040104 0.091667 0.931580
