0 0.489583 0.241667 0.056771 0.091667 0.997923
0 0.389062 0.302778 0.067708 0.104630 0.997899
0 0.074479 0.155556 0.040625 0.042593 0.997322
0 0.040104 0.200000 0.055208 0.064815 0.996123
0 0.399479 0.141667 0.039583 0.050926 0.995891
0 0.388021 0.215741 0.054688 0.092593 0.995881
0 0.343750 0.496296 0.108854 0.205556 0.992411
0 0.538021 0.132407 0.031250 0.045370 0.989918
0 0.427604 0.117593 0.030208 0.039815 0.988485
0 0.531250 0.098148 0.026042 0.037037 0.984928
0 0.463021 0.149074 0.036979 0.053704 0.982482
0 0.440625 0.083333 0.028125 0.037037 0.976533
0 0.507812 0.069444 0.021875 0.028704 0.965099
0 0.477083 0.069444 0.023958 0.030556 0.964178
0 0.541667 0.059259 0.019271 0.031481 0.951168
0 0.479167 0.181481 0.042188 0.056481 0.905875
0 0.513542 0.052778 0.020312 0.026852 0.754946
0 0.516667 0.036111 0.018750 0.022222 0.601041
0 0.556250 0.044444 0.018229 0.031481 0.538753
