0 0.366667 0.697222 0.129688 0.221296 0.999792
0 0.631771 0.748148 0.174479 0.262963 0.999516
0 0.328125 0.915741 0.211979 0.165741 0.997697
0 0.334375 0.233333 0.088021 0.085185 0.995557
0 0.026563 0.214815 0.052604 0.063889 0.995287
0 0.482292 0.121296 0.031250 0.042593 0.994265
0 0.497917 0.072222 0.021875 0.028704 0.988036
0 0.060938 0.181481 0.050521 0.063889 0.985872
0 0.443229 0.103704 0.027083 0.038889 0.957654
5 0.676042 0.257407 0.020312 0.081481 0.822994
0 0.556771 0.035185 0.014583 0.022222 0.620884
