0 0.580729 0.672222 0.161979 0.263889 0.999410
0 0.393750 0.335185 0.077604 0.124074 0.999311
0 0.533854 0.380556 0.076563 0.150000 0.999099
0 0.682292 0.439815 0.111458 0.155556 0.998928
0 0.344271 0.542593 0.121875 0.225000 0.998798
0 0.043229 0.200926 0.053125 0.069444 0.997600
0 0.575521 0.244444 0.061458 0.077778 0.997486
0 0.482292 0.234259 0.058854 0.083333 0.996105
0 0.160938 0.129630 0.038542 0.043519 0.994024
0 0.015625 0.166667 0.030729 0.051852 0.985914
0 0.117188 0.154630 0.041667 0.049074 0.981567
0 0.074479 0.175926 0.042708 0.060185 0.975285
0 0.046354 0.147222 0.033333 0.040741 0.935643
1 0.084896 0.106481 0.069271 0.084259 0.854652
0 0.102083 0.140741 0.036979 0.048148 0.627092
0 0.223438 0.117593 0.031771 0.039815 0.602682
2 0.866146 0.714815 0.237500 0.510185 0.408876
