0 0.501042 0.312037 0.071354 0.096296 0.998829
0 0.535937 0.112037 0.027083 0.043519 0.996908
0 0.469271 0.136111 0.036979 0.052778 0.994292
0 0.500521 0.197222 0.045313 0.063889 0.993842
0 0.103125 0.165741 0.044792 0.050926 0.993737
0 0.400000 0.170370 0.041667 0.065741 0.988565
0 0.469271 0.060185 0.020833 0.026852 0.975708
1 0.523438 0.052778 0.035417 0.070370 0.972157
0 0.411458 0.120370 0.033854 0.052778 0.972149
0 0.410937 0.084259 0.028646 0.034259 0.850903
0 0.482812 0.084259 0.025521 0.032407 0.839435
5 0.066146 0.246296 0.018750 0.084259 0.809197
0 0.473958 0.112963 0.032292 0.042593 0.294769
0 0.235417 0.097222 0.033333 0.034259 0.284705
0 0.561979 0.036111 0.018750 0.032407 0.280266
