0 0.367708 0.428704 0.089583 0.136111 0.999757
0 0.566146 0.637037 0.135937 0.201852 0.999720
0 0.386458 0.293519 0.063021 0.097222 0.999528
0 0.502604 0.371296 0.086979 0.114815 0.999075
0 0.493229 0.253704 0.060938 0.079630 0.998945
0 0.544271 0.184259 0.044271 0.061111 0.995627
0 0.415625 0.189815 0.046875 0.068519 0.995466
0 0.473958 0.133333 0.035937 0.044444 0.994212
0 0.354688 0.950000 0.211458 0.098148 0.993313
0 0.407292 0.141667 0.039062 0.046296 0.992538
0 0.073437 0.156481 0.041667 0.045370 0.991871
0 0.140625 0.120370 0.036979 0.038889 0.961894
0 0.007292 0.158333 0.014062 0.050000 0.953530
0 0.696875 0.975000 0.226562 0.049074 0.683428
