0 0.544271 0.601852 0.134896 0.219444 0.999836
0 0.333333 0.635185 0.131771 0.218519 0.999823
0 0.363021 0.382407 0.081250 0.120370 0.998937
0 0.472396 0.207407 0.047396 0.072222 0.998646
0 0.501042 0.314815 0.071354 0.097222 0.998158
0 0.395833 0.166667 0.043229 0.052778 0.998017
0 0.123958 0.128704 0.034896 0.041667 0.993491
0 0.520312 0.133333 0.033854 0.046296 0.992503
1 0.685417 0.355556 0.191146 0.360185 0.991266
0 0.089583 0.165741 0.046875 0.058333 0.991180
0 0.563021 0.196296 0.061458 0.109259 0.985090
0 0.703646 0.971296 0.235417 0.056481 0.956214
4 0.061458 0.140741 0.027604 0.051852 0.907329
5 0.066146 0.246296 0.018750 0.084259 0.828092
0 0.278646 0.968518 0.217187 0.062037 0.734260
0 0.247396 0.087963 0.022396 0.028704 0.422396
