0 0.350521 0.638889 0.127083 0.200000 0.999667
0 0.573438 0.573148 0.135417 0.210185 0.998546
0 0.063542 0.143519 0.052604 0.089815 0.995911
0 0.018750 0.186111 0.036979 0.059259 0.994824
0 0.320312 0.852778 0.182812 0.290741 0.994798
0 0.619792 0.852778 0.173958 0.275926 0.994359
0 0.108854 0.151852 0.043750 0.062037 0.991780
0 0.168229 0.121296 0.035937 0.050926 0.969741
2 0.517187 0.026852 0.028125 0.052778 0.833381
0 0.016146 0.151852 0.031250 0.057407 0.730957
0 0.132292 0.108333 0.026563 0.038889 0.701138
0 0.002604 0.235185 0.004688 0.070370 0.614329
1 0.780208 0.445370 0.297917 0.486111 0.410739
0 0.236979 0.082407 0.023438 0.030556 0.389619
