0 0.588021 0.699074 0.157813 0.225000 0.999412
0 0.382292 0.540741 0.103125 0.183333 0.998708
0 0.092708 0.168519 0.044271 0.054630 0.998126
0 0.625521 0.339815 0.081250 0.111111 0.997893
0 0.503646 0.330556 0.072917 0.111111 0.994211
0 0.380208 0.343519 0.069271 0.112037 0.984830
0 0.027083 0.207407 0.053125 0.069444 0.973164
0 0.151562 0.112963 0.031250 0.039815 0.841532
0 0.217187 0.119444 0.031771 0.043519 0.805397
0 0.021354 0.179630 0.041667 0.052778 0.767076
0 0.131250 0.147222 0.035417 0.044444 0.757605
0 0.235417 0.093519 0.025000 0.032407 0.263157
