0 0.124479 0.300926 0.104167 0.088889 0.998573
0 0.338021 0.837963 0.177083 0.314815 0.998491
0 0.228125 0.314815 0.132292 0.101852 0.998477
0 0.544271 0.219444 0.053646 0.075000 0.998285
0 0.304167 0.237037 0.079167 0.074074 0.998039
0 0.814583 0.686111 0.180208 0.282407 0.997765
0 0.423958 0.208333 0.051562 0.070370 0.996852
0 0.526563 0.099074 0.028646 0.037037 0.996834
0 0.589583 0.646296 0.152083 0.269444 0.995839
0 0.916667 0.904630 0.159896 0.181481 0.995709
0 0.380208 0.127778 0.035937 0.047222 0.995450
0 0.426042 0.112963 0.031771 0.038889 0.993804
0 0.495833 0.129630 0.032292 0.045370 0.993498
0 0.635417 0.873148 0.205208 0.248148 0.990721
3 0.309375 0.350926 0.056771 0.107407 0.990486
0 0.364062 0.189815 0.051562 0.061111 0.987941
0 0.477083 0.108333 0.028646 0.039815 0.986340
4 0.688021 0.246296 0.068229 0.076852 0.911473
0 0.221354 0.144444 0.087500 0.049074 0.893799
3 0.546875 0.080556 0.009896 0.032407 0.664181
