0 0.782812 0.632407 0.147917 0.212963 0.999501
0 0.581250 0.627778 0.155208 0.288889 0.999225
0 0.645833 0.902778 0.207292 0.193519 0.998051
0 0.342187 0.597222 0.151562 0.311111 0.997670
0 0.027604 0.201852 0.052083 0.077778 0.997482
0 0.391667 0.239815 0.090625 0.089815 0.995115
0 0.882292 0.856481 0.212500 0.278704 0.994419
0 0.453125 0.108333 0.033854 0.046296 0.993586
0 0.419271 0.151852 0.038542 0.048148 0.985297
0 0.463542 0.070370 0.025000 0.030556 0.979397
0 0.265104 0.149074 0.111979 0.065741 0.965153
0 0.310937 0.916667 0.201042 0.166667 0.962468
5 0.232812 0.212963 0.019271 0.078704 0.816336
3 0.748438 0.233333 0.018750 0.092593 0.765078
3 0.257812 0.217593 0.020833 0.086111 0.520998
0 0.402083 0.188889 0.052083 0.048148 0.391488
