0 0.334375 0.819444 0.148958 0.287963 0.999769
0 0.553646 0.570370 0.125521 0.226852 0.999698
0 0.418229 0.222222 0.050521 0.072222 0.999421
0 0.524479 0.382407 0.089062 0.133333 0.999357
0 0.666146 0.396296 0.089062 0.155556 0.999316
0 0.360417 0.435185 0.100000 0.167593 0.999103
0 0.553646 0.252778 0.058854 0.082407 0.998848
0 0.839583 0.783333 0.187500 0.268519 0.998423
0 0.371875 0.302778 0.065625 0.099074 0.995550
0 0.363021 0.175000 0.043750 0.057407 0.994368
0 0.475521 0.165741 0.040625 0.062963 0.994121
1 0.559896 0.160185 0.075521 0.150926 0.981466
0 0.164583 0.126852 0.035417 0.045370 0.978597
2 0.091146 0.160185 0.098438 0.165741 0.973464
0 0.244271 0.090741 0.027083 0.030556 0.855739
3 0.627083 0.256481 0.023438 0.082407 0.842556
