0 0.356771 0.700000 0.133333 0.223148 0.999851
0 0.715104 0.513889 0.139062 0.184259 0.999703
0 0.569271 0.581481 0.132292 0.203704 0.998986
0 0.611979 0.867593 0.180729 0.264815 0.997627
0 0.113021 0.155556 0.040104 0.051852 0.995063
0 0.332292 0.952778 0.216667 0.091667 0.987666
0 0.023438 0.185185 0.042188 0.052778 0.983978
0 0.918750 0.891667 0.153646 0.215741 0.978394
2 0.494792 0.176852 0.134896 0.238889 0.963452
0 0.065625 0.155556 0.040104 0.051852 0.958633
0 0.440625 0.084259 0.031771 0.063889 0.782786
0 0.004167 0.204630 0.007812 0.052778 0.684781
0 0.070312 0.138889 0.036979 0.045370 0.362257
