0 0.331771 0.724074 0.143229 0.237963 0.999566
0 0.389062 0.245370 0.061458 0.090741 0.999407
0 0.494271 0.257407 0.059896 0.085185 0.999366
0 0.543750 0.129630 0.032812 0.045370 0.999054
0 0.702604 0.497222 0.114063 0.164815 0.998968
0 0.416146 0.131481 0.034896 0.050000 0.996255
0 0.489583 0.118519 0.036979 0.061111 0.992055
0 0.445833 0.089815 0.026042 0.035185 0.988242
0 0.017708 0.207407 0.034896 0.087963 0.973945
0 0.464063 0.060185 0.022396 0.031481 0.961589
0 0.543229 0.059259 0.020312 0.025926 0.945405
0 0.525521 0.042593 0.018229 0.026852 0.910762
0 0.497396 0.070370 0.021875 0.031481 0.885714
0 0.489062 0.046296 0.018750 0.024074 0.855390
0 0.505208 0.053704 0.020312 0.028704 0.755358
