0 0.596354 0.632407 0.127604 0.260185 0.999642
0 0.385938 0.548148 0.111458 0.177778 0.999201
0 0.660417 0.903704 0.202083 0.192593 0.998795
0 0.094271 0.167593 0.041146 0.053704 0.997417
0 0.441146 0.130556 0.042708 0.046296 0.995797
0 0.017708 0.214815 0.034375 0.070370 0.995295
0 0.147396 0.137963 0.038021 0.050926 0.984281
0 0.022917 0.175926 0.042708 0.052778 0.981162
2 0.525521 0.078704 0.041667 0.102778 0.975979
1 0.087500 0.112037 0.064583 0.087037 0.971123
5 0.803125 0.193519 0.014062 0.063889 0.851376
5 0.814062 0.194444 0.012500 0.065741 0.744244
0 0.243750 0.081481 0.022917 0.025926 0.279139
