0 0.243750 0.263889 0.102604 0.085185 0.999852
0 0.592188 0.696296 0.149479 0.227778 0.999038
0 0.365625 0.597222 0.135937 0.227778 0.997807
0 0.350521 0.835185 0.161979 0.317593 0.997696
0 0.840104 0.702778 0.195833 0.276852 0.997266
0 0.028125 0.208333 0.055729 0.065741 0.992950
3 0.348437 0.426852 0.071875 0.141667 0.944186
4 0.497396 0.179630 0.041667 0.077778 0.922574
0 0.161458 0.150926 0.035937 0.056481 0.840659
0 0.177083 0.132407 0.029687 0.046296 0.391023
4 0.563542 0.043519 0.012500 0.029630 0.322283
