0 0.368750 0.436111 0.093229 0.161111 0.999662
0 0.522396 0.387037 0.083333 0.121296 0.999566
0 0.527083 0.241667 0.054688 0.080556 0.999276
0 0.409896 0.150000 0.038021 0.051852 0.998623
0 0.401563 0.217593 0.044792 0.072222 0.998483
0 0.431250 0.108333 0.030208 0.037037 0.994895
0 0.483333 0.188889 0.046875 0.062963 0.992624
0 0.508854 0.079630 0.021354 0.030556 0.990133
0 0.480208 0.118519 0.033854 0.037037 0.980635
0 0.464063 0.063889 0.021875 0.030556 0.978000
0 0.528125 0.102778 0.025521 0.037037 0.977755
2 0.091667 0.163889 0.104167 0.166667 0.968019
0 0.167187 0.110185 0.030729 0.033333 0.950184
0 0.420833 0.080556 0.024479 0.030556 0.949733
0 0.482292 0.147222 0.036458 0.041667 0.939595
0 0.536458 0.064815 0.017188 0.032407 0.936677
0 0.520833 0.052778 0.017188 0.025000 0.904670
0 0.494792 0.060185 0.017708 0.029630 0.894988
0 0.482812 0.051852 0.015625 0.022222 0.749428
0 0.530208 0.036111 0.016146 0.020370 0.387763
2 0.245833 0.092593 0.036979 0.050926 0.352160
