0 0.411979 0.132407 0.038021 0.048148 0.996645
0 0.521875 0.116667 0.032292 0.039815 0.993740
0 0.030208 0.178704 0.048437 0.052778 0.985769
0 0.129167 0.123148 0.032812 0.044444 0.968205
2 0.479167 0.197222 0.053125 0.130556 0.961989
0 0.085938 0.129630 0.050521 0.081481 0.931383
3 0.566146 0.175000 0.019792 0.054630 0.834692
0 0.476562 0.119444 0.035417 0.049074 0.666987
0 0.005729 0.243519 0.010417 0.095370 0.549439
0 0.170312 0.108333 0.023438 0.034259 0.477190
0 0.224479 0.087963 0.025521 0.028704 0.262536
