0 0.370833 0.449074 0.094792 0.147222 0.999738
0 0.378125 0.244444 0.056771 0.100000 0.998891
0 0.060417 0.186111 0.054167 0.066667 0.996556
0 0.436458 0.097222 0.030208 0.037037 0.989873
0 0.469792 0.167593 0.045313 0.072222 0.987907
0 0.407813 0.132407 0.035937 0.052778 0.974404
0 0.468229 0.059259 0.022396 0.031481 0.972261
0 0.535937 0.070370 0.020312 0.029630 0.963507
0 0.396354 0.178704 0.044792 0.058333 0.955884
0 0.532812 0.097222 0.025000 0.034259 0.901308
0 0.455208 0.081481 0.024479 0.027778 0.732418
0 0.476562 0.137963 0.039062 0.045370 0.685355
0 0.503646 0.050926 0.020833 0.027778 0.565072
0 0.467708 0.118519 0.033333 0.046296 0.517284
0 0.526042 0.045370 0.017708 0.023148 0.434846
0 0.555729 0.043519 0.015625 0.025926 0.402867
