0 0.483333 0.169444 0.038021 0.055556 0.998998
0 0.492708 0.276852 0.063021 0.105556 0.998878
0 0.391667 0.350926 0.091667 0.204630 0.998683
0 0.458854 0.127778 0.030208 0.041667 0.998526
0 0.402604 0.202778 0.053125 0.072222 0.995811
0 0.467187 0.068519 0.021354 0.028704 0.988557
0 0.426562 0.097222 0.027083 0.035185 0.988506
0 0.402083 0.152778 0.041146 0.047222 0.988247
0 0.504167 0.077778 0.021875 0.030556 0.980840
0 0.481771 0.099074 0.023438 0.033333 0.978279
0 0.139062 0.123148 0.034375 0.040741 0.964803
0 0.425000 0.068519 0.023438 0.026852 0.936711
2 0.540625 0.045370 0.032292 0.068519 0.934297
0 0.506771 0.053704 0.017708 0.024074 0.894236
0 0.457292 0.049074 0.017188 0.025000 0.482912
2 0.243750 0.147222 0.127604 0.069444 0.376103
0 0.517187 0.042593 0.016667 0.026852 0.375003
0 0.275000 0.148148 0.053125 0.065741 0.266718
