0 0.455729 0.217593 0.059375 0.074074 0.998950
0 0.312500 0.282407 0.117708 0.093519 0.998822
0 0.338021 0.837963 0.176563 0.314815 0.998403
0 0.358333 0.205556 0.056771 0.063889 0.998179
0 0.814583 0.687037 0.180208 0.281481 0.997221
0 0.588021 0.658333 0.148438 0.267593 0.996406
0 0.917188 0.905556 0.159375 0.181481 0.995965
0 0.450000 0.127778 0.045313 0.044444 0.995335
0 0.641146 0.879630 0.208854 0.239815 0.990916
0 0.276042 0.244444 0.096875 0.086111 0.974482
3 0.550000 0.131481 0.014062 0.050926 0.913096
0 0.219271 0.144444 0.088021 0.047222 0.897755
4 0.694792 0.246296 0.067188 0.075926 0.876776
