0 0.419792 0.219444 0.054167 0.074074 0.999043
0 0.533854 0.235185 0.063542 0.078704 0.998933
0 0.337500 0.837037 0.176563 0.313889 0.998557
0 0.150000 0.334259 0.147396 0.103704 0.998536
0 0.280729 0.251852 0.093229 0.079630 0.998282
0 0.814583 0.687037 0.180208 0.281481 0.997757
0 0.523438 0.100926 0.031250 0.037963 0.997745
3 0.247396 0.362037 0.057292 0.115741 0.997710
0 0.355729 0.200926 0.055208 0.063889 0.997666
0 0.917188 0.904630 0.159896 0.181481 0.995754
0 0.495313 0.137037 0.033854 0.048148 0.995567
0 0.589583 0.646296 0.152604 0.268519 0.995401
0 0.423958 0.118519 0.031771 0.038889 0.994091
0 0.379167 0.135185 0.037500 0.049074 0.992046
0 0.476562 0.113889 0.028646 0.040741 0.991982
0 0.635417 0.873148 0.205208 0.248148 0.990311
4 0.687500 0.246296 0.068229 0.075926 0.905331
0 0.220833 0.145370 0.088542 0.048148 0.904044
0 0.085417 0.312963 0.133333 0.092593 0.849241
3 0.545313 0.085185 0.010417 0.033333 0.403157
