0 0.098958 0.167593 0.047396 0.052778 0.997081
0 0.385938 0.233333 0.057813 0.085185 0.996224
0 0.406771 0.128704 0.034375 0.043519 0.996198
0 0.469792 0.107407 0.031771 0.044444 0.993375
0 0.160417 0.116667 0.032812 0.033333 0.953312
0 0.009375 0.198148 0.017708 0.068519 0.937277
0 0.466667 0.059259 0.020833 0.030556 0.840842
0 0.501562 0.060185 0.019792 0.030556 0.824850
1 0.536458 0.050926 0.030729 0.068519 0.775728
0 0.247396 0.088889 0.023958 0.030556 0.699429
3 0.542188 0.089815 0.009375 0.037037 0.568569
4 0.107292 0.103704 0.017708 0.037037 0.399410
