0 0.380208 0.375000 0.081250 0.137037 0.999724
0 0.320312 0.709259 0.141667 0.296296 0.999040
0 0.379687 0.259259 0.060417 0.108333 0.998995
0 0.544792 0.152778 0.035937 0.050926 0.998444
0 0.390104 0.169444 0.046354 0.057407 0.997947
0 0.094271 0.167593 0.049479 0.055556 0.997457
0 0.498437 0.277778 0.063542 0.112037 0.997379
0 0.531771 0.110185 0.028125 0.039815 0.997083
0 0.431250 0.094444 0.029687 0.041667 0.995188
0 0.483854 0.205556 0.045833 0.060185 0.989046
0 0.126563 0.128704 0.034896 0.041667 0.986526
0 0.462500 0.166667 0.039062 0.061111 0.984467
0 0.418229 0.135185 0.033333 0.043519 0.983217
0 0.468229 0.075926 0.026563 0.037037 0.947332
0 0.501042 0.079630 0.023438 0.031481 0.936190
0 0.505208 0.059259 0.020312 0.026852 0.834367
0 0.539062 0.065741 0.020312 0.034259 0.808401
0 0.507812 0.041667 0.018750 0.024074 0.682496
0 0.469792 0.051852 0.023438 0.033333 0.403065
0 0.238021 0.090741 0.030208 0.037037 0.396150
0 0.550521 0.051852 0.018750 0.033333 0.386479
