0 0.579687 0.587963 0.132292 0.181481 0.998656
0 0.398958 0.267593 0.064583 0.098148 0.998618
0 0.511979 0.312963 0.075000 0.103704 0.998176
0 0.475000 0.157407 0.039583 0.050926 0.997723
0 0.419792 0.132407 0.034375 0.046296 0.997037
0 0.326042 0.528704 0.108854 0.202778 0.996851
0 0.488021 0.235185 0.054167 0.070370 0.996656
0 0.356771 0.147222 0.040104 0.050926 0.996323
0 0.045833 0.187963 0.052083 0.082407 0.993454
0 0.482812 0.117593 0.029687 0.038889 0.993143
0 0.447917 0.091667 0.027083 0.034259 0.979800
0 0.504167 0.068519 0.021875 0.026852 0.972789
0 0.527604 0.088889 0.023438 0.033333 0.969471
0 0.456250 0.071296 0.023958 0.028704 0.912739
