0 0.572396 0.632407 0.133854 0.205556 0.999646
0 0.478646 0.262037 0.061979 0.093519 0.999614
0 0.632812 0.341667 0.082292 0.114815 0.997958
0 0.383333 0.341667 0.071354 0.109259 0.997734
0 0.390625 0.201852 0.051042 0.075000 0.996893
0 0.092188 0.149074 0.038542 0.048148 0.996872
0 0.348958 0.870370 0.169792 0.257407 0.995442
0 0.489062 0.117593 0.028125 0.043519 0.994131
0 0.019271 0.216667 0.038021 0.062963 0.992789
0 0.477604 0.170370 0.045833 0.067593 0.989717
1 0.534896 0.081481 0.038021 0.083333 0.985943
0 0.441146 0.092593 0.028125 0.035185 0.981103
0 0.473437 0.055556 0.021354 0.028704 0.978657
0 0.395833 0.151852 0.041667 0.049074 0.967281
0 0.501042 0.068519 0.022917 0.032407 0.946848
0 0.241667 0.155556 0.077604 0.051852 0.931675
0 0.484375 0.088889 0.025521 0.030556 0.927036
3 0.780729 0.252778 0.019271 0.080556 0.924037
0 0.033333 0.141667 0.029167 0.041667 0.844538
0 0.540104 0.026852 0.015625 0.021296 0.520316
