0 0.348437 0.273148 0.105729 0.092593 0.999391
0 0.065104 0.343519 0.129688 0.110185 0.998944
0 0.338021 0.837963 0.177083 0.315741 0.998312
0 0.814583 0.686111 0.180208 0.281481 0.997764
0 0.420312 0.136111 0.054688 0.047222 0.997325
0 0.589063 0.662963 0.150521 0.285185 0.997012
0 0.109375 0.294444 0.132292 0.087037 0.995249
0 0.282813 0.247222 0.079167 0.075926 0.987099
0 0.670313 0.925926 0.240625 0.148148 0.985136
0 0.927604 0.925926 0.144271 0.148148 0.983395
3 0.550000 0.154630 0.015104 0.056481 0.956290
0 0.216667 0.145370 0.085417 0.047222 0.869356
4 0.715625 0.244444 0.062500 0.074074 0.676560
0 0.541667 0.025926 0.014583 0.021296 0.447623
2 0.541667 0.079630 0.025521 0.038889 0.321111
