0 0.131771 0.299074 0.128125 0.095370 0.999309
0 0.592708 0.696296 0.149479 0.228704 0.999079
0 0.350521 0.836111 0.162500 0.319444 0.997982
0 0.365625 0.598148 0.136979 0.234259 0.997387
3 0.471354 0.410185 0.065625 0.129630 0.994539
0 0.028125 0.208333 0.055729 0.066667 0.993609
0 0.881771 0.787037 0.219271 0.298148 0.983122
4 0.440104 0.201852 0.058333 0.092593 0.924977
0 0.161458 0.150000 0.036458 0.056481 0.800409
3 0.806250 0.275926 0.023958 0.083333 0.583926
0 0.176042 0.137037 0.032812 0.048148 0.395183
