0 0.541667 0.509259 0.108854 0.169444 0.999818
0 0.902604 0.830556 0.194792 0.267593 0.999534
0 0.334896 0.562037 0.129688 0.185185 0.999502
0 0.687500 0.441667 0.126563 0.175000 0.997731
0 0.620833 0.791667 0.183854 0.281481 0.997153
0 0.040104 0.167593 0.044271 0.062963 0.989068
0 0.165625 0.126852 0.038542 0.044444 0.987913
0 0.334375 0.822222 0.216667 0.355556 0.934995
2 0.433854 0.110185 0.280208 0.148148 0.908518
0 0.226042 0.098148 0.031250 0.033333 0.614979
0 0.014583 0.233333 0.028125 0.071296 0.482116
0 0.007292 0.178704 0.014062 0.057407 0.315658
