0 0.363021 0.399074 0.082813 0.123148 0.999566
0 0.658333 0.418519 0.107292 0.134259 0.999565
0 0.548437 0.515741 0.113542 0.167593 0.999257
0 0.494792 0.221296 0.047396 0.070370 0.998058
0 0.400521 0.251852 0.051042 0.095370 0.997213
0 0.534896 0.175000 0.042188 0.062037 0.996848
0 0.080729 0.178704 0.048437 0.057407 0.996205
0 0.084375 0.120370 0.036458 0.036111 0.996124
0 0.508333 0.350926 0.072917 0.105556 0.996124
0 0.338021 0.866667 0.171354 0.262963 0.995353
0 0.592708 0.252778 0.059896 0.079630 0.994518
0 0.459375 0.093519 0.028646 0.036111 0.980690
