0 0.548437 0.505556 0.108854 0.162963 0.999863
0 0.316146 0.686111 0.134896 0.225000 0.999638
0 0.619792 0.361111 0.088021 0.122222 0.999488
0 0.484375 0.303704 0.070312 0.098148 0.999179
0 0.583854 0.247222 0.056771 0.074074 0.999092
0 0.757292 0.572222 0.133854 0.194444 0.999032
0 0.402083 0.186111 0.048958 0.069444 0.997761
0 0.482812 0.225000 0.053646 0.075926 0.997568
0 0.352604 0.299074 0.073958 0.121296 0.996863
0 0.648438 0.912963 0.211979 0.174074 0.996105
0 0.034896 0.202778 0.055729 0.070370 0.995882
0 0.082813 0.167593 0.046875 0.059259 0.994628
0 0.322396 0.187963 0.047917 0.065741 0.991554
0 0.550000 0.198148 0.048437 0.064815 0.988791
0 0.122917 0.148148 0.039583 0.050926 0.979950
0 0.927604 0.925926 0.141146 0.148148 0.942876
0 0.158854 0.104630 0.025521 0.027778 0.590428
