0 0.350521 0.463889 0.095833 0.151852 0.999599
0 0.664583 0.417593 0.098438 0.139815 0.999596
0 0.483333 0.262037 0.059375 0.085185 0.999526
0 0.798437 0.675926 0.161979 0.225926 0.999384
0 0.580208 0.695370 0.148958 0.226852 0.999235
0 0.375521 0.285185 0.068229 0.103704 0.998449
0 0.034896 0.129630 0.038021 0.056481 0.995987
0 0.298958 0.909259 0.199479 0.180556 0.991697
0 0.015625 0.225926 0.030729 0.067593 0.990871
0 0.074479 0.175000 0.053125 0.064815 0.978061
0 0.104687 0.137037 0.034375 0.044444 0.959793
0 0.233854 0.098148 0.031771 0.035185 0.954115
0 0.146875 0.133333 0.038021 0.050000 0.874800
0 0.647917 0.966667 0.224479 0.065741 0.807253
0 0.542188 0.035185 0.016146 0.025926 0.581677
0 0.110937 0.113889 0.033854 0.036111 0.523067
0 0.053125 0.162037 0.036458 0.054630 0.388120
0 0.179688 0.103704 0.022396 0.032407 0.256496
