0 0.400000 0.292593 0.078646 0.155556 0.998462
0 0.483333 0.228704 0.053125 0.089815 0.997716
0 0.456250 0.113889 0.027604 0.038889 0.997200
0 0.482292 0.146296 0.034896 0.049074 0.995702
0 0.111458 0.136111 0.040104 0.044444 0.993962
0 0.485417 0.090741 0.022917 0.030556 0.993077
0 0.408333 0.136111 0.038021 0.045370 0.992002
0 0.503646 0.071296 0.019792 0.028704 0.981009
0 0.378646 0.933333 0.206250 0.133333 0.976553
0 0.474479 0.062037 0.019792 0.026852 0.969345
0 0.435937 0.085185 0.025000 0.031481 0.968289
0 0.407813 0.171296 0.046875 0.051852 0.958147
2 0.542188 0.042593 0.030729 0.064815 0.941197
0 0.435417 0.060185 0.021875 0.024074 0.892344
0 0.513021 0.050926 0.017188 0.025926 0.815392
2 0.243750 0.147222 0.125000 0.069444 0.371137
0 0.275521 0.149074 0.053125 0.065741 0.300370
