0 0.528646 0.387963 0.090104 0.137037 0.999335
0 0.630729 0.817593 0.176042 0.263889 0.999173
0 0.494792 0.278704 0.062500 0.086111 0.998696
0 0.395833 0.335185 0.074479 0.122222 0.998565
0 0.302083 0.735185 0.142708 0.283333 0.998082
0 0.344792 0.179630 0.045313 0.060185 0.997128
0 0.411979 0.152778 0.039583 0.050926 0.994571
0 0.526563 0.101852 0.026563 0.037963 0.993963
0 0.477083 0.185185 0.044792 0.057407 0.989645
0 0.479688 0.135185 0.035417 0.041667 0.986991
0 0.496354 0.078704 0.023958 0.028704 0.986257
0 0.437500 0.104630 0.029687 0.038889 0.978728
0 0.106250 0.155556 0.048437 0.063889 0.975593
0 0.081771 0.150000 0.033854 0.049074 0.954769
0 0.446875 0.081481 0.025000 0.030556 0.937697
0 0.016667 0.147222 0.032812 0.040741 0.935230
0 0.008333 0.188889 0.016146 0.066667 0.859348
