0 0.350000 0.713889 0.142708 0.221296 0.999806
0 0.611458 0.715741 0.150521 0.241667 0.999540
0 0.459375 0.119444 0.045313 0.047222 0.996211
0 0.843229 0.726852 0.175000 0.225926 0.996122
0 0.329688 0.950000 0.226562 0.100000 0.986257
0 0.131250 0.127778 0.030729 0.041667 0.974083
0 0.505729 0.069444 0.020312 0.034259 0.959811
0 0.934375 0.875000 0.131250 0.249074 0.953917
3 0.471354 0.237037 0.039062 0.083333 0.951606
0 0.530208 0.046296 0.017708 0.024074 0.949343
0 0.469792 0.059259 0.021875 0.029630 0.943716
2 0.247917 0.133333 0.219271 0.132407 0.943290
3 0.652604 0.272222 0.043750 0.081481 0.839676
5 0.399479 0.232407 0.023438 0.075000 0.824066
0 0.548958 0.033333 0.017188 0.024074 0.652127
0 0.503125 0.044444 0.017188 0.025000 0.533426
