0 0.592708 0.696296 0.150000 0.228704 0.999101
0 0.350521 0.836111 0.162500 0.317593 0.997952
0 0.824479 0.680556 0.184896 0.261111 0.997947
0 0.365625 0.596296 0.136458 0.228704 0.997243
0 0.072396 0.177778 0.050000 0.056481 0.995446
0 0.027083 0.206481 0.053646 0.070370 0.993873
0 0.928646 0.933333 0.137500 0.133333 0.973978
0 0.158333 0.116667 0.032812 0.036111 0.959768
0 0.507812 0.060185 0.020833 0.028704 0.935564
0 0.685417 0.957407 0.222396 0.081481 0.931730
0 0.462500 0.077778 0.025000 0.033333 0.879421
2 0.546875 0.031481 0.025521 0.051852 0.529643
0 0.016146 0.187037 0.031250 0.050926 0.257361
