0 0.239063 0.264815 0.098438 0.096296 0.999208
0 0.778646 0.620370 0.149479 0.205556 0.999076
0 0.611979 0.874074 0.185417 0.250926 0.998470
0 0.350521 0.662963 0.135937 0.279630 0.997941
0 0.925521 0.879630 0.148958 0.239815 0.996391
0 0.400000 0.162963 0.044271 0.070370 0.994099
0 0.489062 0.168519 0.043229 0.062037 0.993012
0 0.355729 0.204630 0.058854 0.081481 0.991774
0 0.037500 0.140741 0.042188 0.046296 0.989892
0 0.479167 0.117593 0.032292 0.042593 0.989230
0 0.223958 0.156481 0.079687 0.049074 0.393451
