0 0.582812 0.774074 0.161458 0.262037 0.999792
0 0.526563 0.419444 0.096354 0.132407 0.999496
0 0.397396 0.320370 0.067708 0.102778 0.999074
0 0.392708 0.227778 0.051562 0.075926 0.997953
0 0.472396 0.203704 0.046354 0.076852 0.997780
0 0.032812 0.207407 0.053646 0.062037 0.997772
0 0.560938 0.215741 0.051562 0.070370 0.995493
0 0.101042 0.165741 0.044271 0.049074 0.993877
0 0.073437 0.149074 0.035417 0.050000 0.988856
0 0.075000 0.119444 0.033854 0.035185 0.967497
0 0.310417 0.937037 0.195833 0.125000 0.953765
0 0.176563 0.141667 0.035937 0.053704 0.905527
0 0.162500 0.111111 0.023958 0.031481 0.306338
