0 0.778646 0.620370 0.148958 0.205556 0.999215
0 0.611979 0.874074 0.185417 0.250926 0.998475
0 0.350521 0.662037 0.135937 0.278704 0.997906
0 0.429688 0.127778 0.032812 0.047222 0.994814
0 0.923437 0.875000 0.152604 0.249074 0.993578
0 0.390625 0.194444 0.047917 0.059259 0.990950
0 0.493229 0.080556 0.025000 0.033333 0.988973
0 0.445833 0.090741 0.026563 0.041667 0.977987
0 0.409375 0.101852 0.025521 0.042593 0.972072
0 0.523438 0.055556 0.019792 0.027778 0.945816
0 0.254687 0.156481 0.080729 0.053704 0.933131
4 0.114063 0.187037 0.022396 0.068519 0.286215
