0 0.778646 0.620370 0.148958 0.204630 0.999234
0 0.611979 0.875000 0.185937 0.250000 0.998456
0 0.350000 0.661111 0.135937 0.280556 0.998213
0 0.065104 0.156481 0.040625 0.052778 0.998015
0 0.411458 0.145370 0.063542 0.057407 0.995411
0 0.923437 0.875000 0.152604 0.250000 0.993997
0 0.433333 0.107407 0.029687 0.037963 0.980619
0 0.471354 0.071296 0.022396 0.032407 0.941382
0 0.534896 0.040741 0.017708 0.025000 0.878661
0 0.486979 0.052778 0.019792 0.029630 0.873847
4 0.097917 0.206481 0.027083 0.071296 0.590971
0 0.458333 0.050000 0.017188 0.026852 0.431840
