0 0.475521 0.170370 0.039062 0.066667 0.998841
0 0.483333 0.116667 0.029687 0.039815 0.998606
0 0.398958 0.502778 0.098438 0.206481 0.997098
0 0.408333 0.208333 0.058333 0.115741 0.992595
0 0.046354 0.168519 0.045313 0.055556 0.991920
0 0.094792 0.116667 0.032812 0.034259 0.991237
0 0.493229 0.073148 0.019792 0.028704 0.988347
0 0.421875 0.111111 0.032292 0.038889 0.979927
0 0.175521 0.148148 0.034896 0.046296 0.971241
0 0.455208 0.091667 0.023958 0.033333 0.971189
0 0.506771 0.060185 0.017708 0.026852 0.968798
0 0.486979 0.051852 0.017188 0.024074 0.875245
0 0.456771 0.068519 0.021354 0.025926 0.819982
0 0.414583 0.138889 0.039583 0.051852 0.689390
0 0.454688 0.045370 0.019792 0.023148 0.566707
2 0.549479 0.037037 0.031250 0.061111 0.551243
0 0.281250 0.148148 0.052604 0.065741 0.546984
0 0.527604 0.040741 0.014062 0.023148 0.301941
