0 0.555208 0.529630 0.115104 0.175000 0.999308
0 0.363542 0.621296 0.134896 0.262037 0.999082
0 0.347396 0.359259 0.076563 0.125000 0.998828
0 0.734896 0.580556 0.136458 0.195370 0.996765
0 0.496875 0.322222 0.074479 0.112037 0.994271
0 0.097396 0.160185 0.046354 0.056481 0.992346
0 0.060417 0.141667 0.035937 0.042593 0.985414
1 0.641667 0.302778 0.148958 0.299074 0.983229
0 0.658333 0.929630 0.209896 0.140741 0.983114
0 0.026563 0.195370 0.052604 0.103704 0.979813
0 0.139062 0.120370 0.034375 0.038889 0.958830
2 0.523438 0.031481 0.027083 0.062037 0.930263
0 0.363542 0.937037 0.209375 0.125926 0.874276
0 0.243229 0.091667 0.026042 0.029630 0.548290
