0 0.514063 0.359259 0.085417 0.132407 0.999468
0 0.400521 0.225000 0.050521 0.074074 0.999229
0 0.476562 0.110185 0.029687 0.037963 0.996526
0 0.901042 0.879630 0.197917 0.240741 0.994244
0 0.055729 0.147222 0.039062 0.046296 0.990875
0 0.516146 0.072222 0.023438 0.031481 0.978906
0 0.456250 0.078704 0.023438 0.035185 0.948550
0 0.169792 0.151852 0.034896 0.049074 0.900160
0 0.503646 0.040741 0.017708 0.022222 0.808336
0 0.524479 0.044444 0.017188 0.024074 0.682583
2 0.281250 0.147222 0.115625 0.065741 0.479229
0 0.478125 0.054630 0.022396 0.036111 0.414129
