0 0.489062 0.236111 0.053646 0.082407 0.998524
0 0.036979 0.198148 0.051042 0.079630 0.994476
0 0.408333 0.131481 0.036458 0.049074 0.994217
0 0.107813 0.138889 0.038542 0.045370 0.993246
0 0.532292 0.110185 0.028125 0.040741 0.991391
0 0.472917 0.125926 0.032812 0.043519 0.987483
0 0.496875 0.083333 0.025000 0.032407 0.975114
1 0.620313 0.265741 0.128646 0.217593 0.971826
0 0.465104 0.073148 0.022917 0.028704 0.966486
0 0.435417 0.090741 0.027604 0.034259 0.966183
0 0.046875 0.141667 0.040104 0.046296 0.952941
5 0.819792 0.197222 0.015625 0.077778 0.921046
0 0.526563 0.045370 0.020833 0.025000 0.610735
0 0.533854 0.087963 0.026563 0.029630 0.557512
0 0.453125 0.059259 0.020833 0.028704 0.534887
0 0.012500 0.931481 0.024479 0.137037 0.478488
0 0.555729 0.179630 0.032292 0.064815 0.463656
