0 0.349479 0.572222 0.128125 0.193519 0.998404
0 0.543229 0.204630 0.051042 0.067593 0.998099
0 0.379687 0.347222 0.072396 0.108333 0.997923
0 0.542708 0.157407 0.041146 0.046296 0.997203
0 0.482812 0.131481 0.034896 0.046296 0.996537
0 0.505729 0.072222 0.020312 0.028704 0.993590
0 0.405729 0.175000 0.042188 0.076852 0.987438
0 0.427604 0.098148 0.035937 0.053704 0.960714
0 0.485938 0.099074 0.028646 0.036111 0.947607
0 0.520833 0.055556 0.017188 0.025000 0.884261
1 0.550000 0.040741 0.027604 0.049074 0.835255
0 0.461979 0.074074 0.023438 0.031481 0.783931
0 0.472917 0.062037 0.020833 0.027778 0.707590
0 0.013542 0.221296 0.026563 0.101852 0.668749
0 0.237500 0.090741 0.029687 0.035185 0.590849
0 0.525521 0.030556 0.016146 0.023148 0.372460
