0 0.379167 0.342593 0.076563 0.111111 0.997314
0 0.466667 0.150926 0.038542 0.062037 0.997241
0 0.383333 0.206481 0.048958 0.084259 0.996757
0 0.648438 0.853704 0.180208 0.286111 0.990774
0 0.416146 0.118519 0.031250 0.050000 0.977731
0 0.446354 0.085185 0.027083 0.035185 0.976828
0 0.533333 0.087963 0.022917 0.029630 0.958921
0 0.161979 0.112037 0.033333 0.037037 0.934463
0 0.396354 0.156481 0.040104 0.055556 0.925615
0 0.476562 0.052778 0.020312 0.028704 0.920337
0 0.008333 0.234259 0.016146 0.069444 0.853052
0 0.539583 0.062963 0.019792 0.027778 0.793267
0 0.464063 0.073148 0.022917 0.027778 0.683512
0 0.511979 0.043519 0.020312 0.030556 0.604898
0 0.483333 0.129630 0.027083 0.043519 0.470573
0 0.469792 0.101852 0.026042 0.031481 0.406490
