0 0.509896 0.319444 0.061979 0.097222 0.998434
0 0.561979 0.228704 0.055729 0.088889 0.997415
0 0.382812 0.278704 0.075000 0.103704 0.995177
0 0.130729 0.123148 0.029687 0.047222 0.992658
0 0.106771 0.108333 0.028125 0.038889 0.988997
0 0.479688 0.127778 0.035417 0.048148 0.988312
0 0.412500 0.145370 0.047396 0.087963 0.982344
0 0.165625 0.127778 0.036979 0.044444 0.969458
0 0.007812 0.156481 0.014583 0.049074 0.919021
0 0.527083 0.045370 0.019792 0.025000 0.822689
0 0.492708 0.061111 0.019792 0.028704 0.770982
