0 0.722917 0.529630 0.134375 0.173148 0.998795
0 0.491667 0.264815 0.066667 0.098148 0.997900
0 0.409375 0.184259 0.042708 0.060185 0.995140
0 0.520833 0.062963 0.021875 0.029630 0.983220
0 0.463542 0.070370 0.021875 0.033333 0.975360
0 0.014583 0.171296 0.028646 0.048148 0.965804
0 0.484896 0.097222 0.027604 0.033333 0.958245
0 0.169792 0.152778 0.034896 0.049074 0.902811
0 0.483854 0.051852 0.020833 0.031481 0.810173
0 0.512500 0.037037 0.016667 0.022222 0.730221
0 0.531771 0.040741 0.017188 0.025000 0.387240
2 0.281771 0.147222 0.115104 0.065741 0.331491
