0 0.549479 0.546296 0.115104 0.175926 0.999837
0 0.329688 0.603704 0.137500 0.183333 0.999268
0 0.622396 0.799074 0.183854 0.287037 0.998253
0 0.016146 0.192593 0.031771 0.056481 0.995420
0 0.804688 0.647222 0.181771 0.242593 0.995365
2 0.533333 0.072222 0.041667 0.106481 0.993803
0 0.915625 0.887037 0.168750 0.225926 0.982139
0 0.117708 0.149074 0.039583 0.044444 0.961916
0 0.327604 0.833333 0.238021 0.333333 0.957208
0 0.107813 0.120370 0.035417 0.037963 0.930671
2 0.239063 0.131481 0.205208 0.162963 0.843446
