0 0.373958 0.643519 0.136979 0.223148 0.999804
0 0.584896 0.281481 0.070833 0.086111 0.999172
0 0.478646 0.175000 0.044271 0.063889 0.994728
0 0.424479 0.132407 0.034375 0.045370 0.992233
0 0.501562 0.072222 0.021875 0.028704 0.982911
0 0.477083 0.059259 0.019792 0.029630 0.895375
0 0.170312 0.154630 0.035417 0.047222 0.886220
0 0.530729 0.050926 0.018750 0.025926 0.810952
2 0.281250 0.147222 0.118750 0.066667 0.575442
0 0.545313 0.033333 0.014583 0.025926 0.433753
0 0.496875 0.041667 0.018229 0.031481 0.401061
0 0.525000 0.030556 0.015104 0.023148 0.270792
