0 0.370833 0.448148 0.096875 0.168519 0.999498
0 0.580208 0.607407 0.129167 0.207407 0.999464
0 0.495833 0.235185 0.057292 0.073148 0.999058
0 0.588021 0.245370 0.058854 0.083333 0.998854
0 0.361979 0.275926 0.057292 0.111111 0.998757
0 0.496354 0.315741 0.075000 0.116667 0.996835
0 0.412500 0.129630 0.036458 0.044444 0.996078
0 0.469792 0.170370 0.042708 0.059259 0.993517
0 0.347917 0.184259 0.047396 0.060185 0.985463
1 0.514583 0.109259 0.052604 0.112963 0.972497
5 0.066146 0.246296 0.019271 0.088889 0.876393
0 0.132812 0.118519 0.036458 0.059259 0.864280
0 0.482292 0.053704 0.018229 0.025000 0.707672
0 0.479167 0.109259 0.023438 0.034259 0.565052
