0 0.522917 0.117593 0.030208 0.040741 0.997740
0 0.460417 0.205556 0.046875 0.065741 0.997392
0 0.534896 0.174074 0.040625 0.060185 0.996511
0 0.897396 0.875000 0.199479 0.249074 0.995643
0 0.416667 0.161111 0.042188 0.053704 0.995233
0 0.494271 0.082407 0.023958 0.032407 0.994659
0 0.015104 0.190741 0.029687 0.054630 0.991968
0 0.440104 0.084259 0.026042 0.031481 0.963568
4 0.104687 0.264815 0.075521 0.088889 0.946670
2 0.295833 0.882407 0.222917 0.233333 0.932767
0 0.482292 0.052778 0.019271 0.025000 0.925805
0 0.493750 0.044444 0.018229 0.021296 0.886063
3 0.676042 0.280556 0.032812 0.091667 0.761923
2 0.540625 0.030556 0.031250 0.040741 0.297463
