0 0.387500 0.497222 0.108333 0.171296 0.999518
0 0.477604 0.167593 0.040625 0.054630 0.998182
0 0.383854 0.247222 0.061458 0.091667 0.997653
0 0.407292 0.131481 0.034896 0.043519 0.997370
0 0.527604 0.120370 0.031250 0.039815 0.997014
0 0.509896 0.303704 0.074479 0.115741 0.995563
0 0.448438 0.103704 0.031771 0.037963 0.992999
0 0.439583 0.071296 0.023438 0.028704 0.987413
0 0.483854 0.068519 0.021875 0.026852 0.977846
0 0.396354 0.184259 0.046875 0.057407 0.975155
0 0.457292 0.050926 0.018750 0.024074 0.909273
0 0.132292 0.141667 0.035937 0.054630 0.909238
0 0.118750 0.119444 0.030729 0.037963 0.904428
0 0.536979 0.065741 0.019271 0.027778 0.894332
0 0.510417 0.087963 0.023958 0.033333 0.880764
0 0.513542 0.055556 0.018750 0.024074 0.623427
0 0.512500 0.041667 0.017188 0.022222 0.403838
0 0.012500 0.780556 0.023958 0.312963 0.382525
2 0.626562 0.672222 0.209896 0.652778 0.317177
