0 0.369271 0.485185 0.103125 0.175926 0.999449
0 0.510938 0.331481 0.077083 0.132407 0.999152
0 0.553646 0.175926 0.041146 0.059259 0.998526
0 0.371875 0.315741 0.071875 0.138889 0.997782
0 0.490625 0.232407 0.054688 0.067593 0.996328
0 0.533854 0.125926 0.031250 0.045370 0.995959
0 0.408854 0.155556 0.035937 0.048148 0.994406
0 0.381771 0.200000 0.050000 0.072222 0.992866
0 0.463021 0.180556 0.041667 0.062963 0.986809
0 0.423958 0.107407 0.030729 0.046296 0.986478
0 0.459375 0.085185 0.028125 0.039815 0.977876
0 0.138021 0.140741 0.039583 0.051852 0.966434
0 0.495833 0.090741 0.027083 0.037037 0.960460
0 0.280729 0.937037 0.229167 0.125000 0.898927
0 0.536458 0.075000 0.021354 0.036111 0.886630
0 0.497917 0.068519 0.022396 0.030556 0.845881
0 0.498437 0.045370 0.019271 0.026852 0.810518
0 0.166146 0.111111 0.030208 0.037963 0.624692
0 0.463021 0.054630 0.023958 0.034259 0.280512
