0 0.464583 0.169444 0.041146 0.061111 0.998967
0 0.535417 0.133333 0.032292 0.044444 0.996392
0 0.369271 0.130556 0.035937 0.047222 0.995976
0 0.422396 0.117593 0.032292 0.051852 0.988000
0 0.478646 0.085185 0.022917 0.032407 0.980998
1 0.597396 0.250926 0.121875 0.226852 0.974169
0 0.512500 0.054630 0.018750 0.028704 0.964489
0 0.472917 0.062037 0.019792 0.025000 0.959096
0 0.011979 0.225926 0.022917 0.079630 0.922496
1 0.535937 0.069444 0.032812 0.062037 0.852800
0 0.128646 0.099074 0.020312 0.037963 0.801491
3 0.659375 0.157407 0.016146 0.062037 0.449572
