0 0.513021 0.426852 0.093229 0.138889 0.999723
0 0.372396 0.370370 0.081771 0.137037 0.999405
0 0.555208 0.220370 0.052083 0.076852 0.999146
0 0.361979 0.200926 0.045833 0.085185 0.998763
0 0.468750 0.210185 0.052083 0.075926 0.998541
0 0.497917 0.312963 0.068229 0.090741 0.998505
0 0.638542 0.929630 0.215104 0.140741 0.998184
0 0.511979 0.150000 0.039583 0.056481 0.997467
0 0.396875 0.159259 0.046354 0.084259 0.997255
0 0.428125 0.130556 0.030729 0.048148 0.996165
0 0.464063 0.108333 0.029687 0.039815 0.993016
0 0.036979 0.176852 0.045313 0.056481 0.992677
0 0.489583 0.122222 0.032812 0.049074 0.986464
2 0.533854 0.073148 0.038021 0.106481 0.965640
0 0.378646 0.118519 0.033333 0.048148 0.913287
0 0.045833 0.142593 0.039583 0.043519 0.702472
