0 0.350000 0.713889 0.142708 0.222222 0.999804
0 0.611979 0.715741 0.151042 0.242593 0.999591
0 0.021354 0.146296 0.039062 0.047222 0.997436
0 0.842708 0.725926 0.175521 0.226852 0.996281
0 0.329688 0.950000 0.224479 0.100000 0.986390
0 0.933854 0.875000 0.131771 0.250000 0.945447
2 0.478646 0.100000 0.081250 0.105556 0.944100
0 0.121875 0.107407 0.030729 0.031481 0.916179
3 0.558854 0.126852 0.015104 0.063889 0.840446
0 0.553646 0.030556 0.014062 0.024074 0.586856
0 0.002604 0.208333 0.004688 0.065741 0.558849
5 0.189063 0.233333 0.020833 0.060185 0.518197
