0 0.356771 0.502778 0.103646 0.167593 0.999865
0 0.535417 0.451852 0.099479 0.143519 0.999549
0 0.367188 0.243519 0.058854 0.076852 0.999288
0 0.611458 0.895370 0.202604 0.208333 0.998234
0 0.490625 0.287037 0.066146 0.098148 0.997923
0 0.317708 0.887037 0.193229 0.225000 0.997005
0 0.545833 0.187963 0.046354 0.061111 0.996133
0 0.606250 0.275000 0.086458 0.159259 0.994077
0 0.158854 0.127778 0.036458 0.046296 0.993566
2 0.527083 0.033333 0.031771 0.057407 0.947030
5 0.065104 0.247222 0.019271 0.088889 0.857957
1 0.833333 0.600000 0.329688 0.505556 0.757796
3 0.552604 0.063889 0.007292 0.034259 0.675509
4 0.121875 0.112037 0.027083 0.041667 0.548235
