0 0.120833 0.128704 0.038542 0.046296 0.998597
0 0.447917 0.081481 0.023958 0.030556 0.984694
0 0.433854 0.107407 0.031250 0.036111 0.982604
0 0.540104 0.064815 0.021875 0.029630 0.982303
0 0.056250 0.190741 0.052604 0.060185 0.977912
0 0.496875 0.064815 0.021354 0.030556 0.976194
0 0.009375 0.195370 0.017708 0.055556 0.911884
0 0.505208 0.041667 0.016667 0.019444 0.759920
0 0.533854 0.037037 0.015625 0.025926 0.472394
0 0.549479 0.026852 0.015104 0.020370 0.313584
0 0.520312 0.030556 0.013542 0.018519 0.295622
