0 0.549479 0.545370 0.116667 0.176852 0.999709
0 0.790625 0.623148 0.171875 0.240741 0.999241
0 0.033854 0.157407 0.039062 0.044444 0.999092
0 0.329688 0.603704 0.138021 0.187037 0.998972
0 0.622917 0.799074 0.183333 0.287963 0.997979
0 0.015625 0.193519 0.030208 0.055556 0.995729
0 0.074479 0.176852 0.045313 0.058333 0.987148
0 0.916667 0.878704 0.166667 0.241667 0.982143
0 0.080729 0.140741 0.042708 0.050000 0.977966
2 0.536458 0.060185 0.036979 0.093519 0.976501
0 0.327083 0.833333 0.239063 0.333333 0.949593
2 0.335417 0.122222 0.378646 0.131481 0.667105
