0 0.350000 0.713889 0.142188 0.221296 0.999792
0 0.611458 0.715741 0.151042 0.242593 0.999565
0 0.842188 0.725000 0.174479 0.223148 0.998229
2 0.490104 0.087037 0.047917 0.097222 0.993752
0 0.329688 0.950000 0.224479 0.100000 0.988015
0 0.933333 0.875000 0.133333 0.250000 0.942563
0 0.056771 0.131481 0.033854 0.039815 0.908110
3 0.551042 0.116667 0.014062 0.053704 0.865839
0 0.226042 0.093519 0.030208 0.038889 0.647500
0 0.140625 0.111111 0.026563 0.028704 0.617090
0 0.002604 0.209259 0.004688 0.061111 0.584309
