0 0.860417 0.776852 0.202604 0.315741 0.999716
0 0.338021 0.838889 0.175521 0.312037 0.998140
0 0.589063 0.662963 0.151042 0.285185 0.997274
0 0.290625 0.156481 0.079687 0.049074 0.995196
3 0.296875 0.247222 0.039583 0.075000 0.967213
0 0.494792 0.046296 0.020312 0.025000 0.920922
4 0.818750 0.278704 0.037500 0.087963 0.876630
0 0.175000 0.139815 0.036979 0.046296 0.768789
2 0.525521 0.109259 0.030729 0.047222 0.761749
0 0.543750 0.025926 0.014062 0.019444 0.699334
0 0.559375 0.040741 0.016146 0.025926 0.271053
