0 0.778646 0.620370 0.149479 0.205556 0.999093
0 0.322396 0.234259 0.078646 0.084259 0.998471
0 0.611979 0.874074 0.185417 0.250926 0.998456
0 0.351042 0.662037 0.136458 0.279630 0.997948
0 0.411458 0.146296 0.038542 0.060185 0.997817
0 0.489583 0.147222 0.038542 0.054630 0.997032
0 0.925000 0.879630 0.149479 0.239815 0.996298
0 0.380208 0.180556 0.043750 0.072222 0.989996
0 0.485938 0.102778 0.029167 0.037963 0.988958
0 0.031250 0.343519 0.061979 0.095370 0.987049
0 0.228125 0.151852 0.067708 0.043519 0.438901
