0 0.559375 0.592593 0.128646 0.193519 0.999594
0 0.708854 0.505556 0.118750 0.164815 0.999589
0 0.357292 0.637037 0.130208 0.237037 0.999242
0 0.496354 0.299074 0.070312 0.102778 0.998955
0 0.395833 0.251852 0.062500 0.081481 0.998620
0 0.061979 0.142593 0.041146 0.046296 0.996684
0 0.010937 0.197222 0.020833 0.064815 0.980652
0 0.657812 0.320370 0.111458 0.200000 0.958975
0 0.246354 0.083333 0.024479 0.029630 0.810656
1 0.896875 0.726852 0.205729 0.546296 0.503451
4 0.106771 0.102778 0.018229 0.036111 0.356481
