0 0.376563 0.658333 0.133854 0.232407 0.999530
0 0.527604 0.455556 0.101562 0.145370 0.999473
0 0.355208 0.301852 0.068750 0.096296 0.999085
0 0.394792 0.227778 0.053125 0.073148 0.998885
0 0.608854 0.742593 0.163542 0.262963 0.998806
0 0.488021 0.283333 0.066667 0.087963 0.998452
0 0.532292 0.147222 0.035937 0.050000 0.997059
0 0.016667 0.194444 0.032292 0.052778 0.995553
0 0.420312 0.148148 0.038021 0.052778 0.992605
0 0.479167 0.110185 0.030208 0.037963 0.990162
0 0.482812 0.199074 0.047917 0.059259 0.985882
0 0.421875 0.112963 0.033854 0.037963 0.940105
0 0.094792 0.137037 0.042708 0.054630 0.938880
0 0.168229 0.110185 0.028646 0.037037 0.936272
0 0.218229 0.100926 0.029687 0.042593 0.306145
