0 0.356250 0.745370 0.145833 0.260185 0.999748
0 0.797396 0.669444 0.170833 0.200926 0.999578
0 0.606771 0.625000 0.147396 0.294444 0.997634
0 0.034375 0.205556 0.054688 0.069444 0.997299
0 0.075000 0.155556 0.041146 0.048148 0.994877
0 0.170833 0.124074 0.032292 0.039815 0.979962
0 0.498958 0.065741 0.023438 0.034259 0.868859
0 0.945312 0.951852 0.105729 0.096296 0.820031
0 0.555729 0.024074 0.014583 0.021296 0.457182
2 0.757292 0.876852 0.348958 0.245370 0.431830
0 0.140625 0.101852 0.033333 0.039815 0.350298
