0 0.782812 0.631481 0.147917 0.213889 0.999392
0 0.581771 0.626852 0.154167 0.291667 0.999275
0 0.349479 0.150000 0.080208 0.054630 0.999221
0 0.645312 0.901852 0.206250 0.196296 0.998331
0 0.342708 0.597222 0.152083 0.312963 0.997679
0 0.881771 0.857407 0.211979 0.281481 0.995896
0 0.028646 0.200926 0.053125 0.075000 0.994664
0 0.085417 0.125926 0.038021 0.052778 0.986178
0 0.310937 0.915741 0.201042 0.167593 0.960557
3 0.665104 0.139815 0.010937 0.059259 0.930541
0 0.177604 0.132407 0.030729 0.047222 0.713319
0 0.443229 0.059259 0.022396 0.031481 0.668636
0 0.494792 0.030556 0.016146 0.026852 0.509204
0 0.042708 0.167593 0.042708 0.049074 0.381021
0 0.151042 0.119444 0.033854 0.039815 0.377815
