0 0.350000 0.713889 0.143229 0.222222 0.999811
0 0.611458 0.715741 0.150521 0.242593 0.999606
0 0.842188 0.726852 0.174479 0.227778 0.996277
0 0.055208 0.130556 0.035937 0.043519 0.995597
0 0.329688 0.950000 0.223958 0.100000 0.983049
2 0.465104 0.106481 0.116146 0.107407 0.981766
0 0.933854 0.875000 0.130729 0.250000 0.951412
5 0.208854 0.233333 0.021354 0.062963 0.842029
3 0.558854 0.130556 0.015625 0.065741 0.816119
0 0.002604 0.208333 0.004688 0.064815 0.559245
0 0.548958 0.033333 0.015104 0.024074 0.499778
