0 0.349479 0.713889 0.142188 0.222222 0.999813
0 0.611458 0.715741 0.150521 0.242593 0.999579
0 0.842708 0.726852 0.175000 0.226852 0.995795
0 0.091146 0.116667 0.033854 0.039815 0.995425
0 0.329688 0.950000 0.224479 0.100000 0.982164
0 0.933854 0.875000 0.131771 0.249074 0.954740
5 0.232812 0.233333 0.020833 0.066667 0.895856
2 0.439063 0.110185 0.157813 0.113889 0.894931
3 0.556250 0.139815 0.016146 0.064815 0.837084
0 0.542708 0.036111 0.015625 0.023148 0.779364
0 0.004167 0.208333 0.007292 0.059259 0.743298
0 0.566146 0.069444 0.020312 0.031481 0.645209
