0 0.488542 0.157407 0.039583 0.055556 0.998739
0 0.566667 0.285185 0.071875 0.094444 0.998586
0 0.060938 0.128704 0.036979 0.041667 0.997709
0 0.469792 0.236111 0.056771 0.083333 0.996613
0 0.409896 0.138889 0.040104 0.051852 0.996532
0 0.040104 0.203704 0.053125 0.065741 0.994575
0 0.128646 0.123148 0.030208 0.046296 0.993574
0 0.465104 0.072222 0.024479 0.030556 0.982368
0 0.512500 0.061111 0.020833 0.027778 0.980187
4 0.571875 0.198148 0.039583 0.099074 0.966938
0 0.489583 0.094444 0.026042 0.036111 0.961356
0 0.008333 0.176852 0.015625 0.051852 0.895064
0 0.531771 0.042593 0.017708 0.020370 0.783054
0 0.556771 0.046296 0.016667 0.022222 0.711656
0 0.502604 0.040741 0.017708 0.020370 0.499182
