0 0.377604 0.398148 0.090104 0.147222 0.999631
0 0.551042 0.475926 0.126042 0.240741 0.999274
0 0.509375 0.302778 0.067708 0.107407 0.998673
0 0.914583 0.898148 0.170312 0.203704 0.998442
0 0.393750 0.200926 0.047917 0.064815 0.993433
0 0.035417 0.166667 0.045833 0.066667 0.992284
0 0.468750 0.120370 0.031250 0.048148 0.988998
0 0.400521 0.137963 0.034375 0.057407 0.988525
0 0.443750 0.083333 0.026042 0.038889 0.973064
0 0.420312 0.103704 0.029167 0.043519 0.954107
0 0.468750 0.060185 0.022396 0.026852 0.943756
0 0.494271 0.104630 0.028646 0.037037 0.936803
0 0.542188 0.062963 0.019792 0.026852 0.914527
0 0.484896 0.055556 0.019271 0.025926 0.806047
0 0.503125 0.037963 0.018750 0.025926 0.758022
0 0.480208 0.082407 0.025000 0.027778 0.692000
0 0.534375 0.035185 0.017708 0.022222 0.662912
0 0.550521 0.047222 0.016146 0.023148 0.418941
