0 0.356250 0.744444 0.146354 0.260185 0.999765
0 0.798437 0.666667 0.171354 0.200926 0.999238
0 0.606771 0.621296 0.146354 0.286111 0.997039
0 0.028125 0.207407 0.055208 0.075000 0.991827
0 0.078125 0.176852 0.048437 0.057407 0.949897
0 0.136979 0.124074 0.038542 0.041667 0.890923
0 0.927083 0.896296 0.144792 0.194444 0.872412
0 0.541146 0.036111 0.017188 0.025926 0.848079
2 0.754167 0.862037 0.305208 0.275926 0.770830
1 0.027604 0.138889 0.054688 0.098148 0.769647
0 0.069792 0.144444 0.053125 0.070370 0.769465
0 0.003646 0.226852 0.006250 0.063889 0.459284
0 0.017188 0.186111 0.033854 0.055556 0.441132
