0 0.535937 0.526852 0.115625 0.171296 0.999488
0 0.365104 0.544444 0.115625 0.200000 0.999123
0 0.797396 0.674074 0.158854 0.224074 0.999091
0 0.021875 0.217593 0.043229 0.062037 0.996975
0 0.106250 0.158333 0.045313 0.055556 0.994226
0 0.050521 0.194444 0.047396 0.059259 0.987680
0 0.918750 0.925000 0.156250 0.150000 0.985383
0 0.666667 0.958333 0.225000 0.079630 0.976896
0 0.112500 0.113889 0.032812 0.033333 0.974556
0 0.302604 0.951852 0.211979 0.096296 0.969002
0 0.515625 0.052778 0.019271 0.035185 0.816503
0 0.176563 0.108333 0.025521 0.027778 0.418541
0 0.122917 0.098148 0.028646 0.039815 0.283726
