0 0.470833 0.207407 0.050521 0.066667 0.998665
0 0.337500 0.837963 0.176563 0.312963 0.998652
0 0.362500 0.167593 0.043229 0.056481 0.998609
0 0.815104 0.686111 0.180208 0.282407 0.997771
0 0.325000 0.228704 0.072396 0.073148 0.997687
0 0.533854 0.139815 0.036458 0.047222 0.997506
0 0.443750 0.155556 0.040104 0.050926 0.997483
0 0.589583 0.646296 0.152083 0.268519 0.995897
0 0.917188 0.904630 0.159375 0.181481 0.995863
0 0.398438 0.092593 0.029167 0.037037 0.994153
0 0.398958 0.132407 0.035417 0.048148 0.993483
0 0.634896 0.873148 0.204688 0.248148 0.990724
3 0.564062 0.289815 0.039062 0.089815 0.984705
0 0.443750 0.088889 0.025521 0.027778 0.982728
0 0.110417 0.107407 0.032812 0.037037 0.976405
0 0.539583 0.087963 0.025521 0.032407 0.967743
0 0.495833 0.098148 0.027604 0.035185 0.965028
4 0.644792 0.241667 0.069792 0.076852 0.931624
0 0.220833 0.144444 0.086979 0.049074 0.930552
0 0.486979 0.075000 0.022917 0.027778 0.878913
