0 0.752083 0.557407 0.136458 0.192593 0.999812
0 0.343750 0.631481 0.133854 0.232407 0.999588
0 0.567708 0.636111 0.135417 0.225000 0.999501
0 0.644271 0.887037 0.200521 0.225926 0.998449
0 0.905208 0.828704 0.189063 0.247222 0.998012
0 0.297917 0.934259 0.217187 0.131481 0.992240
0 0.029167 0.212963 0.057292 0.062963 0.990008
0 0.077604 0.146296 0.042188 0.057407 0.979450
0 0.137500 0.140741 0.035417 0.053704 0.964766
0 0.930729 0.967593 0.138542 0.063889 0.927929
0 0.022396 0.180556 0.042708 0.045370 0.832305
0 0.489062 0.049074 0.020312 0.026852 0.818918
0 0.539062 0.026852 0.014583 0.021296 0.559409
0 0.177083 0.120370 0.029687 0.040741 0.534985
3 0.661979 0.129630 0.012500 0.060185 0.494930
3 0.664583 0.137963 0.010937 0.058333 0.374591
