0 0.367188 0.605556 0.114583 0.203704 0.999276
0 0.469271 0.116667 0.030729 0.039815 0.998507
0 0.593229 0.682407 0.142188 0.226852 0.997366
0 0.405729 0.132407 0.037500 0.045370 0.991612
1 0.108333 0.102778 0.059375 0.080556 0.962186
0 0.507812 0.109259 0.026563 0.038889 0.920089
0 0.514063 0.050000 0.017188 0.025926 0.869355
1 0.536979 0.064815 0.033333 0.070370 0.846152
0 0.483854 0.089815 0.024479 0.040741 0.729824
0 0.482292 0.062037 0.019271 0.025000 0.567725
4 0.680729 0.150926 0.016667 0.062037 0.529884
0 0.002604 0.207407 0.004167 0.061111 0.436467
0 0.482812 0.071296 0.021354 0.030556 0.347685
