0 0.475000 0.296296 0.066146 0.094444 0.999675
0 0.585938 0.264815 0.068750 0.081481 0.998710
0 0.356771 0.362037 0.081250 0.113889 0.998429
0 0.094792 0.141667 0.039062 0.046296 0.996886
0 0.477604 0.195370 0.044271 0.075926 0.995393
0 0.453125 0.088889 0.028646 0.037037 0.994932
1 0.537500 0.104630 0.051042 0.098148 0.988594
0 0.420833 0.129630 0.030208 0.046296 0.982308
0 0.477604 0.057407 0.021875 0.029630 0.929076
4 0.720312 0.205556 0.027083 0.068519 0.616854
0 0.542708 0.037037 0.017188 0.025000 0.552880
0 0.335938 0.989815 0.210938 0.020370 0.544792
