0 0.675521 0.434259 0.106771 0.138889 0.999539
0 0.335938 0.890741 0.177083 0.217593 0.998516
0 0.351042 0.579630 0.114063 0.175926 0.998278
0 0.658333 0.910185 0.229167 0.178704 0.997499
0 0.572917 0.573148 0.120312 0.195370 0.997236
0 0.110937 0.136111 0.036458 0.042593 0.995436
0 0.064583 0.133333 0.038021 0.049074 0.995126
0 0.090104 0.167593 0.047396 0.060185 0.994133
0 0.795833 0.600926 0.180208 0.348148 0.969942
2 0.507812 0.054630 0.038021 0.066667 0.935826
3 0.551562 0.082407 0.010417 0.045370 0.843068
5 0.044271 0.245370 0.014583 0.072222 0.818610
5 0.064583 0.248148 0.015625 0.075926 0.816335
