0 0.350000 0.713889 0.143229 0.221296 0.999809
0 0.611979 0.715741 0.151042 0.242593 0.999557
0 0.502604 0.091667 0.031771 0.037963 0.997487
0 0.843229 0.726852 0.175000 0.227778 0.995231
0 0.034896 0.178704 0.046875 0.051852 0.989984
0 0.330208 0.950000 0.227083 0.099074 0.985857
0 0.934375 0.875000 0.131250 0.249074 0.956781
3 0.568750 0.177778 0.018750 0.078704 0.955898
0 0.518229 0.050000 0.017708 0.030556 0.936309
0 0.497917 0.034259 0.016146 0.022222 0.924981
5 0.320833 0.232407 0.022396 0.075000 0.870864
2 0.338021 0.125926 0.313542 0.125000 0.837909
0 0.556771 0.031481 0.014062 0.022222 0.666805
