0 0.369792 0.432407 0.094271 0.160185 0.999855
0 0.507812 0.412963 0.094792 0.132407 0.999710
0 0.763542 0.608333 0.142188 0.209259 0.999693
0 0.329688 0.813889 0.159375 0.279630 0.999502
0 0.644792 0.912037 0.208854 0.175926 0.998075
0 0.016667 0.225926 0.032292 0.063889 0.997758
0 0.042708 0.197222 0.045833 0.060185 0.997604
0 0.093750 0.165741 0.047396 0.059259 0.997355
0 0.904167 0.881481 0.191146 0.228704 0.995742
0 0.133333 0.124074 0.032292 0.040741 0.922787
0 0.093750 0.107407 0.035417 0.049074 0.892746
0 0.525521 0.045370 0.018229 0.029630 0.834174
0 0.178646 0.118519 0.028125 0.037963 0.756855
0 0.236979 0.082407 0.020833 0.028704 0.290290
0 0.110417 0.116667 0.035937 0.040741 0.266744
