0 0.356771 0.699074 0.133333 0.224074 0.999792
0 0.627604 0.900926 0.201042 0.197222 0.999398
0 0.784896 0.634259 0.169792 0.225000 0.999375
0 0.591146 0.657407 0.145313 0.228704 0.999172
0 0.065625 0.155556 0.040104 0.047222 0.994584
0 0.926042 0.899074 0.147917 0.191667 0.984970
0 0.023438 0.186111 0.042188 0.051852 0.980731
2 0.532292 0.068519 0.036979 0.096296 0.978335
0 0.085417 0.130556 0.033333 0.039815 0.977172
0 0.427083 0.108333 0.036979 0.070370 0.956240
0 0.171875 0.124074 0.030729 0.041667 0.934668
0 0.333333 0.963889 0.240625 0.071296 0.862610
0 0.004167 0.204630 0.007812 0.052778 0.697567
2 0.475521 0.251852 0.348437 0.189815 0.347422
