0 0.359896 0.666667 0.139062 0.233333 0.999810
0 0.799479 0.675926 0.160417 0.220370 0.999216
0 0.570312 0.656482 0.138021 0.212037 0.999140
0 0.475000 0.139815 0.037500 0.045370 0.997481
0 0.023438 0.217593 0.045833 0.059259 0.994546
0 0.494271 0.190741 0.049479 0.064815 0.992980
0 0.331250 0.232407 0.090104 0.084259 0.989829
0 0.475000 0.059259 0.020312 0.026852 0.963740
0 0.450521 0.087037 0.026563 0.039815 0.953277
0 0.505729 0.050926 0.018229 0.024074 0.952811
0 0.165625 0.139815 0.043750 0.062037 0.919282
2 0.336458 0.141667 0.104687 0.084259 0.842600
0 0.242188 0.156481 0.082292 0.061111 0.685925
0 0.552083 0.036111 0.015104 0.021296 0.499874
