0 0.534375 0.476852 0.110937 0.158333 0.999459
0 0.358854 0.293519 0.068750 0.095370 0.999273
0 0.627604 0.869444 0.202604 0.249074 0.999134
0 0.548437 0.245370 0.061979 0.078704 0.998949
0 0.398438 0.156481 0.040625 0.052778 0.997766
0 0.489062 0.274074 0.064583 0.096296 0.997686
0 0.532292 0.136111 0.032292 0.048148 0.996324
0 0.477604 0.193519 0.044271 0.060185 0.993296
0 0.051562 0.195370 0.051562 0.062037 0.993193
0 0.434896 0.111111 0.031250 0.037963 0.992958
0 0.044792 0.147222 0.038542 0.042593 0.992326
0 0.498958 0.074074 0.022396 0.027778 0.986704
0 0.554167 0.197222 0.046875 0.054630 0.983472
0 0.129688 0.138889 0.040625 0.059259 0.979823
0 0.447396 0.083333 0.025000 0.031481 0.953547
3 0.717188 0.184259 0.013021 0.066667 0.919983
0 0.098958 0.141667 0.033854 0.047222 0.903424
0 0.013021 0.152778 0.025000 0.048148 0.672228
3 0.870313 0.331481 0.018229 0.094444 0.547327
