0 0.513021 0.412963 0.100000 0.151852 0.999811
0 0.358333 0.437963 0.089583 0.150000 0.999507
0 0.572917 0.679630 0.139062 0.223148 0.999257
0 0.340625 0.658333 0.131771 0.282407 0.999005
0 0.117708 0.141667 0.051042 0.075926 0.994804
0 0.663542 0.932407 0.220313 0.135185 0.994109
0 0.015104 0.217593 0.029167 0.075926 0.987283
0 0.041146 0.156481 0.054167 0.083333 0.983521
0 0.079167 0.128704 0.030208 0.052778 0.978232
1 0.673437 0.319444 0.200521 0.359259 0.972201
2 0.541146 0.023148 0.025000 0.040741 0.522972
