0 0.350000 0.712037 0.140625 0.219444 0.999841
0 0.811458 0.670370 0.158854 0.208333 0.999785
0 0.611458 0.714815 0.150521 0.242593 0.999601
0 0.051562 0.147222 0.041146 0.047222 0.997278
0 0.331250 0.946296 0.231250 0.106481 0.991362
2 0.495313 0.070370 0.039062 0.079630 0.970686
3 0.544271 0.099074 0.011458 0.047222 0.936962
0 0.910937 0.835185 0.177604 0.329630 0.926139
0 0.162500 0.126852 0.037500 0.052778 0.699934
5 0.088542 0.237963 0.020312 0.072222 0.550502
0 0.002604 0.208333 0.004167 0.066667 0.471857
