0 0.701042 0.485185 0.121354 0.152778 0.999567
0 0.361979 0.665741 0.135417 0.231481 0.999469
0 0.549479 0.430556 0.103125 0.189815 0.996607
0 0.818750 0.714815 0.170833 0.218519 0.995709
0 0.022917 0.214815 0.044792 0.069444 0.983965
0 0.059896 0.150926 0.051562 0.072222 0.975511
0 0.120312 0.150000 0.046354 0.054630 0.951966
0 0.018229 0.186111 0.035417 0.052778 0.682969
2 0.718229 0.814815 0.301562 0.370370 0.642759
0 0.138021 0.111111 0.039583 0.055556 0.369598
3 0.818229 0.563889 0.047396 0.105556 0.316802
