0 0.395833 0.225000 0.051042 0.078704 0.999095
0 0.485417 0.228704 0.065104 0.100000 0.998740
0 0.357292 0.166667 0.040104 0.054630 0.998064
0 0.100521 0.112963 0.033333 0.038889 0.997895
0 0.065104 0.182407 0.050000 0.061111 0.993519
0 0.424479 0.136111 0.034375 0.051852 0.992251
0 0.505208 0.075000 0.021354 0.030556 0.977003
0 0.473437 0.069444 0.022396 0.027778 0.972378
0 0.443229 0.091667 0.025521 0.029630 0.957255
3 0.590625 0.189815 0.015625 0.075000 0.944688
0 0.515104 0.059259 0.019271 0.024074 0.759507
0 0.555208 0.046296 0.017708 0.022222 0.689315
0 0.502083 0.037037 0.016146 0.020370 0.488101
0 0.248437 0.078704 0.020312 0.025000 0.443992
0 0.544792 0.041667 0.014062 0.020370 0.440472
0 0.223438 0.103704 0.023958 0.030556 0.392584
0 0.476562 0.053704 0.019271 0.021296 0.352279
