0 0.351042 0.662037 0.136458 0.237037 0.999825
0 0.530208 0.400926 0.097396 0.164815 0.999318
0 0.362500 0.387037 0.084896 0.175000 0.998388
0 0.415104 0.121296 0.034896 0.053704 0.998381
0 0.498437 0.265741 0.060417 0.079630 0.998273
0 0.398958 0.178704 0.043750 0.054630 0.998268
0 0.463542 0.204630 0.046875 0.078704 0.998106
0 0.375000 0.239815 0.061979 0.083333 0.997957
0 0.537500 0.141667 0.035417 0.051852 0.995980
0 0.565625 0.202778 0.046875 0.065741 0.995132
0 0.451042 0.097222 0.031250 0.041667 0.989879
0 0.489062 0.101852 0.029687 0.039815 0.969458
0 0.492708 0.078704 0.024479 0.031481 0.907133
0 0.176563 0.122222 0.032292 0.042593 0.891577
0 0.489583 0.050000 0.019792 0.026852 0.854268
0 0.535937 0.087963 0.023958 0.040741 0.720488
0 0.454688 0.065741 0.027083 0.040741 0.671492
