0 0.490104 0.257407 0.062500 0.080556 0.999081
0 0.500521 0.167593 0.040104 0.058333 0.998642
0 0.406250 0.149074 0.039062 0.057407 0.997717
0 0.534896 0.100000 0.025000 0.039815 0.994605
0 0.475000 0.121296 0.033333 0.050000 0.994023
0 0.046354 0.200000 0.049479 0.062963 0.969946
0 0.426562 0.073148 0.025000 0.030556 0.967325
0 0.421354 0.108333 0.028646 0.046296 0.961220
0 0.491146 0.075000 0.022917 0.032407 0.956206
0 0.479688 0.051852 0.018750 0.024074 0.943903
1 0.529688 0.050000 0.033854 0.064815 0.744271
5 0.065625 0.246296 0.018229 0.082407 0.531115
