0 0.369792 0.390741 0.088021 0.135185 0.999576
0 0.553646 0.246296 0.058333 0.083333 0.999178
0 0.330729 0.630556 0.155729 0.318519 0.999074
0 0.541667 0.490741 0.108854 0.179630 0.999025
0 0.676562 0.889815 0.216667 0.218519 0.998911
0 0.896875 0.878704 0.200521 0.238889 0.997418
0 0.492188 0.300926 0.078646 0.121296 0.997169
0 0.727083 0.486111 0.157813 0.262963 0.995289
0 0.073437 0.137037 0.041146 0.044444 0.976749
0 0.020833 0.188889 0.040625 0.059259 0.955915
0 0.178646 0.106481 0.022917 0.030556 0.445946
