0 0.694792 0.486111 0.129688 0.174074 0.998651
0 0.476562 0.127778 0.031771 0.050926 0.997845
0 0.035937 0.140741 0.036458 0.040741 0.996726
0 0.409896 0.161111 0.048958 0.085185 0.996534
0 0.407292 0.295370 0.063021 0.112963 0.996276
0 0.463021 0.072222 0.020833 0.027778 0.991668
0 0.491146 0.091667 0.024479 0.030556 0.990107
0 0.427604 0.110185 0.031771 0.044444 0.986808
0 0.502083 0.061111 0.017708 0.026852 0.961215
0 0.443229 0.088889 0.025000 0.032407 0.920661
0 0.516667 0.050926 0.016146 0.024074 0.918384
0 0.171875 0.149074 0.035417 0.047222 0.900277
0 0.472396 0.052778 0.018750 0.023148 0.895841
2 0.553125 0.035185 0.028125 0.053704 0.851338
2 0.256250 0.148148 0.115104 0.068519 0.511704
0 0.476042 0.040741 0.017708 0.022222 0.443709
0 0.281771 0.148148 0.057813 0.064815 0.404484
0 0.502604 0.041667 0.016146 0.021296 0.337711
