0 0.494792 0.237037 0.059896 0.084259 0.999144
0 0.553125 0.508333 0.109375 0.186111 0.999029
0 0.361979 0.558333 0.116146 0.193519 0.998761
0 0.495833 0.327778 0.070833 0.102778 0.998726
0 0.389583 0.225926 0.057292 0.077778 0.998366
0 0.406250 0.137037 0.034896 0.046296 0.997376
0 0.388021 0.321296 0.073958 0.116667 0.996551
0 0.063021 0.180556 0.056771 0.065741 0.995333
0 0.528646 0.151852 0.037500 0.052778 0.994820
0 0.502083 0.108333 0.029167 0.037963 0.992710
0 0.470833 0.176852 0.039583 0.061111 0.990441
0 0.494271 0.074074 0.023438 0.029630 0.987076
1 0.635417 0.302778 0.141146 0.261111 0.974482
0 0.168229 0.124074 0.033854 0.042593 0.972915
0 0.082292 0.147222 0.041146 0.051852 0.896555
