0 0.327083 0.776852 0.157813 0.275926 0.999730
0 0.515104 0.375000 0.082813 0.119444 0.999451
0 0.479167 0.244444 0.055729 0.082407 0.999443
0 0.359375 0.444444 0.093229 0.144444 0.999156
0 0.530729 0.158333 0.041146 0.051852 0.998287
0 0.382292 0.200926 0.048437 0.062037 0.998266
0 0.574479 0.760185 0.168750 0.275926 0.997985
0 0.581250 0.232407 0.069271 0.134259 0.986329
1 0.756250 0.442593 0.251042 0.511111 0.978547
0 0.159896 0.112037 0.033333 0.036111 0.962801
0 0.122917 0.146296 0.040104 0.052778 0.933193
5 0.066146 0.246296 0.019271 0.086111 0.868260
4 0.093750 0.126852 0.027083 0.039815 0.785554
2 0.533854 0.034259 0.029687 0.048148 0.721448
0 0.232812 0.094444 0.031771 0.037963 0.610520
3 0.553646 0.061111 0.007292 0.032407 0.554732
