0 0.735937 0.547222 0.142708 0.169444 0.999565
0 0.358854 0.713889 0.141667 0.251852 0.999387
0 0.567187 0.492593 0.120312 0.225000 0.997960
0 0.100521 0.142593 0.041667 0.048148 0.990634
0 0.035937 0.200000 0.055208 0.064815 0.962246
0 0.059375 0.148148 0.048437 0.067593 0.902313
0 0.021354 0.186111 0.042188 0.053704 0.853018
0 0.148958 0.132407 0.038542 0.051852 0.784306
0 0.892708 0.835185 0.164062 0.255556 0.608847
0 0.007292 0.236111 0.014062 0.090741 0.460207
3 0.870313 0.605556 0.053646 0.173148 0.273712
