0 0.319792 0.680556 0.134896 0.231481 0.999736
0 0.664062 0.409259 0.095833 0.135185 0.999470
0 0.531250 0.513889 0.105208 0.186111 0.999153
0 0.486979 0.235185 0.060938 0.075926 0.998761
0 0.387500 0.234259 0.058333 0.072222 0.998669
0 0.634375 0.859259 0.189063 0.278704 0.998513
0 0.505729 0.322222 0.079167 0.112963 0.998042
0 0.043229 0.198148 0.054167 0.069444 0.995791
0 0.312500 0.266667 0.063021 0.107407 0.994928
0 0.084896 0.148148 0.039583 0.045370 0.994205
0 0.556771 0.197222 0.055208 0.071296 0.991835
0 0.892708 0.835185 0.194271 0.272222 0.984966
0 0.122917 0.104630 0.030208 0.032407 0.919978
0 0.174479 0.126852 0.032812 0.037037 0.717640
0 0.245833 0.089815 0.024479 0.028704 0.626277
0 0.023438 0.176852 0.042188 0.059259 0.465647
