0 0.352604 0.640741 0.131771 0.237037 0.999910
0 0.596354 0.696296 0.139583 0.233333 0.999350
0 0.804167 0.657407 0.173438 0.223148 0.998410
0 0.515104 0.197222 0.051042 0.087963 0.997774
0 0.914583 0.901852 0.170833 0.192593 0.996688
0 0.029167 0.214815 0.055208 0.062963 0.995729
0 0.053125 0.166667 0.043750 0.050926 0.993311
0 0.111458 0.158333 0.042708 0.051852 0.992961
0 0.316146 0.914815 0.198437 0.170370 0.991684
3 0.409896 0.221296 0.045313 0.092593 0.988942
0 0.455729 0.070370 0.021875 0.027778 0.977194
0 0.408333 0.085185 0.028125 0.040741 0.975135
0 0.147396 0.132407 0.036458 0.050926 0.921221
0 0.522917 0.090741 0.026042 0.037963 0.915886
0 0.495833 0.073148 0.022396 0.036111 0.862017
0 0.518229 0.054630 0.019271 0.025000 0.841926
3 0.347917 0.225926 0.040625 0.084259 0.667488
0 0.539583 0.068519 0.018750 0.027778 0.645980
0 0.015104 0.187963 0.029167 0.056481 0.579072
0 0.650000 0.969444 0.224479 0.061111 0.553192
0 0.035417 0.151852 0.038021 0.040741 0.397363
2 0.492188 0.034259 0.028125 0.052778 0.256657
