0 0.778125 0.620370 0.149479 0.205556 0.999192
0 0.148958 0.305556 0.133854 0.092593 0.999191
0 0.611458 0.874074 0.184896 0.250926 0.998352
0 0.350521 0.662037 0.135937 0.278704 0.997706
0 0.371354 0.205556 0.058854 0.073148 0.996926
0 0.924479 0.877778 0.151042 0.243519 0.996643
0 0.489583 0.129630 0.035417 0.048148 0.996139
0 0.420312 0.131481 0.034896 0.056481 0.994278
0 0.492708 0.091667 0.026563 0.037963 0.965047
0 0.393229 0.159259 0.037500 0.061111 0.961714
0 0.227604 0.151852 0.067188 0.042593 0.498842
