0 0.074479 0.349074 0.148438 0.108333 0.998666
0 0.338021 0.837963 0.176042 0.313889 0.998407
0 0.329167 0.225000 0.071354 0.080556 0.997681
0 0.589063 0.646296 0.152604 0.267593 0.997434
0 0.814583 0.687037 0.180208 0.282407 0.997430
0 0.917188 0.904630 0.159896 0.183333 0.996491
0 0.463021 0.123148 0.041146 0.042593 0.993522
0 0.471875 0.189815 0.046354 0.066667 0.992754
0 0.638021 0.876852 0.204688 0.244444 0.990671
0 0.378125 0.181481 0.048437 0.053704 0.986219
0 0.406771 0.248148 0.089583 0.087037 0.981397
3 0.545833 0.120370 0.012500 0.047222 0.955493
0 0.220833 0.145370 0.087500 0.048148 0.916670
4 0.686979 0.246296 0.058854 0.079630 0.663754
0 0.017188 0.312963 0.033854 0.057407 0.439195
0 0.005208 0.408333 0.009896 0.118519 0.396721
