0 0.363542 0.357407 0.083333 0.130556 0.999629
0 0.103125 0.159259 0.047917 0.058333 0.996987
0 0.528646 0.349074 0.074479 0.125000 0.996965
0 0.497396 0.194444 0.047396 0.069444 0.994195
0 0.027083 0.179630 0.045833 0.054630 0.993757
0 0.420312 0.131481 0.039062 0.048148 0.992352
0 0.493750 0.126852 0.035937 0.047222 0.990635
0 0.496354 0.073148 0.021875 0.028704 0.978237
0 0.455729 0.077778 0.023958 0.027778 0.960504
0 0.663021 0.912037 0.213542 0.175000 0.959301
0 0.533854 0.078704 0.021875 0.032407 0.888804
0 0.520833 0.052778 0.016667 0.024074 0.888148
0 0.245312 0.092593 0.028646 0.035185 0.866430
0 0.493229 0.046296 0.017708 0.025000 0.724745
4 0.738542 0.451852 0.097917 0.203704 0.490052
