0 0.351042 0.713889 0.141667 0.225000 0.999879
0 0.532292 0.427778 0.093229 0.145370 0.999758
0 0.343750 0.401852 0.084375 0.122222 0.999577
0 0.594271 0.713889 0.148958 0.240741 0.999504
0 0.598958 0.293519 0.068750 0.093519 0.998908
0 0.034375 0.199074 0.050000 0.075926 0.985508
0 0.686979 0.414815 0.129167 0.249074 0.976739
2 0.517187 0.042593 0.033854 0.062963 0.743093
0 0.004167 0.169444 0.007812 0.061111 0.733128
3 0.553646 0.071296 0.009375 0.044444 0.588353
5 0.060938 0.244444 0.021875 0.084259 0.418023
0 0.223958 0.098148 0.028125 0.036111 0.393584
