0 0.497917 0.243519 0.054688 0.094444 0.998816
0 0.064583 0.130556 0.038021 0.038889 0.997574
0 0.467708 0.120370 0.030208 0.041667 0.997518
0 0.127604 0.128704 0.035417 0.048148 0.993744
0 0.494792 0.092593 0.027604 0.037037 0.989259
0 0.024479 0.210185 0.047917 0.066667 0.989186
1 0.609375 0.258333 0.132292 0.249074 0.985652
0 0.431250 0.100000 0.029167 0.037963 0.981740
0 0.530208 0.127778 0.031250 0.045370 0.975147
3 0.508333 0.324074 0.028646 0.106481 0.935814
0 0.499479 0.059259 0.022396 0.025000 0.873254
0 0.237500 0.091667 0.031771 0.038889 0.690606
0 0.536458 0.083333 0.031771 0.043519 0.459557
