0 0.778646 0.621296 0.148958 0.205556 0.999226
0 0.611979 0.875000 0.185417 0.250000 0.998431
0 0.350521 0.662037 0.135937 0.279630 0.998131
0 0.392708 0.187037 0.045833 0.059259 0.995327
0 0.923437 0.875000 0.152604 0.249074 0.993605
0 0.448438 0.088889 0.026563 0.040741 0.983277
0 0.494792 0.077778 0.025521 0.032407 0.975605
0 0.430729 0.124074 0.031771 0.047222 0.974502
0 0.525000 0.053704 0.019271 0.026852 0.970264
0 0.409375 0.099074 0.025521 0.040741 0.967728
0 0.257812 0.156481 0.080208 0.053704 0.963473
4 0.112500 0.188889 0.026563 0.064815 0.501851
