0 0.338021 0.837037 0.176042 0.314815 0.998332
0 0.814583 0.686111 0.179688 0.280556 0.997894
0 0.589583 0.645370 0.152083 0.265741 0.995884
0 0.917708 0.905556 0.159375 0.181481 0.995760
0 0.498958 0.078704 0.021875 0.029630 0.990445
0 0.635417 0.872222 0.205729 0.247222 0.989513
0 0.388021 0.124074 0.042188 0.050000 0.986571
0 0.030208 0.139815 0.037500 0.047222 0.986060
0 0.449479 0.075926 0.024479 0.029630 0.977327
0 0.484375 0.051852 0.017708 0.021296 0.949238
0 0.541146 0.043519 0.016146 0.022222 0.938578
0 0.513542 0.055556 0.018750 0.025000 0.913176
3 0.685938 0.156481 0.010417 0.057407 0.836718
0 0.565104 0.072222 0.020312 0.030556 0.816663
0 0.247917 0.102778 0.025000 0.033333 0.745488
0 0.526042 0.033333 0.016146 0.022222 0.711198
0 0.458333 0.055556 0.020312 0.022222 0.639517
0 0.555729 0.035185 0.014583 0.022222 0.616021
