0 0.118750 0.376852 0.169792 0.116667 0.999404
0 0.199479 0.314815 0.147917 0.089815 0.998584
0 0.338021 0.837037 0.176042 0.315741 0.998507
0 0.357812 0.205556 0.060938 0.069444 0.997712
0 0.814583 0.686111 0.179688 0.282407 0.997423
0 0.392188 0.169444 0.044792 0.051852 0.996832
0 0.589063 0.647222 0.152604 0.268519 0.996376
0 0.916667 0.904630 0.159896 0.183333 0.996042
0 0.473437 0.118519 0.040625 0.039815 0.994399
0 0.459375 0.223148 0.066146 0.076852 0.992570
0 0.636458 0.874074 0.205729 0.249074 0.992155
0 0.473437 0.166667 0.041667 0.054630 0.974872
0 0.092708 0.297222 0.114583 0.076852 0.939645
0 0.220313 0.145370 0.087500 0.048148 0.910602
3 0.542708 0.112037 0.012500 0.045370 0.894533
4 0.688021 0.246296 0.065104 0.076852 0.885603
