0 0.333333 0.665741 0.143750 0.249074 0.999781
0 0.359896 0.406481 0.080208 0.130556 0.999628
0 0.690625 0.447222 0.106250 0.143519 0.999317
0 0.484896 0.368519 0.076042 0.143519 0.999216
0 0.386458 0.235185 0.057813 0.099074 0.999201
0 0.585938 0.263889 0.066667 0.094444 0.998740
0 0.579167 0.595370 0.132292 0.186111 0.998454
0 0.411979 0.159259 0.045313 0.060185 0.994471
0 0.470833 0.186111 0.047917 0.067593 0.993922
0 0.478646 0.137963 0.037500 0.048148 0.992986
0 0.409375 0.103704 0.036458 0.053704 0.990494
0 0.079167 0.123148 0.033333 0.041667 0.983896
0 0.546875 0.150926 0.036979 0.062963 0.981590
0 0.448958 0.082407 0.027604 0.034259 0.977483
0 0.485417 0.100000 0.027083 0.037037 0.942035
0 0.500521 0.065741 0.021354 0.031481 0.936550
0 0.530208 0.100926 0.032292 0.049074 0.920710
0 0.743750 0.968518 0.255729 0.062037 0.794088
0 0.523438 0.050000 0.020833 0.027778 0.612498
0 0.179167 0.109259 0.022917 0.031481 0.427829
0 0.551042 0.035185 0.016146 0.025926 0.385723
