0 0.366667 0.695370 0.129167 0.222222 0.999655
0 0.630729 0.745370 0.172917 0.259259 0.999594
0 0.329688 0.912037 0.205729 0.175926 0.998446
0 0.371875 0.216667 0.070312 0.078704 0.997513
0 0.484375 0.112963 0.029687 0.039815 0.996568
0 0.026563 0.214815 0.052604 0.062963 0.995012
0 0.060938 0.181481 0.050521 0.063889 0.983383
0 0.503646 0.068519 0.021354 0.026852 0.967317
5 0.668229 0.252778 0.019792 0.079630 0.908199
0 0.448438 0.098148 0.026042 0.037037 0.893340
0 0.560938 0.034259 0.014583 0.020370 0.509933
