0 0.746354 0.564815 0.131250 0.196296 0.999535
0 0.526563 0.437037 0.103125 0.153704 0.999192
0 0.379687 0.297222 0.066667 0.088889 0.999015
0 0.598437 0.273148 0.073958 0.098148 0.998034
0 0.501042 0.296296 0.072396 0.103704 0.998005
0 0.321875 0.374074 0.090625 0.149074 0.997727
0 0.566146 0.717593 0.145833 0.254630 0.997700
0 0.120312 0.148148 0.041146 0.061111 0.995619
0 0.023438 0.213889 0.045833 0.078704 0.989090
0 0.065625 0.155556 0.045313 0.061111 0.985235
0 0.225000 0.099074 0.029687 0.033333 0.624041
