0 0.373958 0.532407 0.110417 0.176852 0.999792
0 0.340104 0.857407 0.159375 0.285185 0.999422
0 0.568750 0.606481 0.131250 0.200926 0.999077
0 0.026042 0.213889 0.050521 0.062963 0.996148
0 0.094271 0.168519 0.038542 0.052778 0.979724
1 0.794792 0.558333 0.283333 0.529630 0.890238
0 0.075000 0.151852 0.033854 0.046296 0.811875
0 0.130208 0.104630 0.023958 0.029630 0.808276
3 0.742708 0.244444 0.015625 0.082407 0.564600
0 0.022917 0.168519 0.044792 0.054630 0.405726
0 0.016146 0.150926 0.031250 0.045370 0.320305
0 0.030729 0.157407 0.040625 0.048148 0.300679
3 0.734896 0.237037 0.014062 0.080556 0.280836
