0 0.052083 0.160185 0.042188 0.060185 0.991017
0 0.118229 0.150926 0.042188 0.053704 0.944230
2 0.476562 0.112963 0.037500 0.086111 0.896675
0 0.536458 0.060185 0.021354 0.026852 0.863779
3 0.929688 0.380556 0.032292 0.116667 0.844309
0 0.174479 0.108333 0.025000 0.030556 0.762814
3 0.552083 0.108333 0.013021 0.044444 0.751264
3 0.873958 0.354630 0.028125 0.113889 0.675808
0 0.494271 0.074074 0.027083 0.040741 0.433556
0 0.470313 0.064815 0.020833 0.026852 0.433226
0 0.006250 0.176852 0.011979 0.113889 0.404884
0 0.053125 0.142593 0.038021 0.044444 0.302101
0 0.110937 0.140741 0.039583 0.046296 0.254818
