0 0.516146 0.371296 0.086979 0.132407 0.999675
0 0.644271 0.372222 0.096354 0.138889 0.999334
0 0.554688 0.572222 0.132812 0.204630 0.998370
0 0.828646 0.751852 0.174479 0.248148 0.997166
0 0.373437 0.370370 0.081771 0.112037 0.996633
0 0.620833 0.891667 0.197396 0.215741 0.995154
0 0.348958 0.495370 0.115104 0.201852 0.993071
0 0.090625 0.166667 0.050000 0.064815 0.983026
0 0.169271 0.123148 0.034375 0.045370 0.977175
0 0.119792 0.117593 0.029167 0.037963 0.925885
0 0.007812 0.170370 0.014583 0.062037 0.845805
2 0.534375 0.033333 0.024479 0.048148 0.647460
0 0.140104 0.122222 0.021875 0.035185 0.526674
0 0.097917 0.139815 0.034896 0.048148 0.289958
