0 0.360417 0.411111 0.086979 0.142593 0.999121
0 0.590104 0.285185 0.066146 0.090741 0.999080
0 0.479688 0.171296 0.039062 0.057407 0.998602
0 0.534375 0.131481 0.034896 0.047222 0.998454
0 0.340625 0.155556 0.043229 0.059259 0.997944
2 0.412500 0.126852 0.057292 0.107407 0.997876
0 0.554167 0.187037 0.044271 0.062037 0.996436
0 0.479688 0.108333 0.028125 0.037037 0.995838
0 0.018229 0.187037 0.035417 0.064815 0.992722
0 0.493229 0.079630 0.021875 0.030556 0.986681
0 0.454167 0.065741 0.022917 0.030556 0.973248
0 0.167708 0.122222 0.033333 0.049074 0.953124
0 0.546354 0.060185 0.018229 0.028704 0.911585
0 0.479167 0.050000 0.019271 0.030556 0.875790
3 0.685938 0.169444 0.016146 0.068519 0.839230
3 0.071354 0.123148 0.011979 0.034259 0.507396
0 0.550000 0.050926 0.017708 0.026852 0.271098
