0 0.543229 0.432407 0.091667 0.145370 0.999859
0 0.370833 0.221296 0.050521 0.090741 0.998876
0 0.378646 0.336111 0.075521 0.128704 0.998342
0 0.463021 0.140741 0.036979 0.048148 0.997367
0 0.358854 0.149074 0.040625 0.050000 0.997317
0 0.426562 0.107407 0.030208 0.039815 0.996951
0 0.638021 0.880556 0.194792 0.234259 0.996846
0 0.481771 0.246296 0.057813 0.089815 0.996275
0 0.564583 0.195370 0.047396 0.072222 0.994304
0 0.082292 0.131481 0.047917 0.087963 0.985573
0 0.481771 0.189815 0.047396 0.058333 0.968515
1 0.508854 0.089815 0.046875 0.102778 0.968110
5 0.066146 0.247222 0.019271 0.087037 0.693444
0 0.540104 0.059259 0.025521 0.044444 0.685438
0 0.485417 0.091667 0.016146 0.031481 0.291478
0 0.241667 0.090741 0.025521 0.029630 0.286353
