0 0.782812 0.632407 0.148438 0.212963 0.999477
0 0.314583 0.274074 0.123438 0.104630 0.999448
0 0.581250 0.627778 0.155208 0.287963 0.999230
0 0.644792 0.901852 0.204688 0.196296 0.998433
0 0.410417 0.172222 0.040625 0.055556 0.998312
0 0.341667 0.597222 0.151562 0.312037 0.997591
0 0.027604 0.201852 0.052604 0.077778 0.997569
0 0.881771 0.857407 0.212500 0.279630 0.994837
0 0.445833 0.118519 0.035937 0.050000 0.994819
0 0.363021 0.221296 0.066667 0.068519 0.993650
0 0.454688 0.079630 0.026563 0.030556 0.972182
0 0.310417 0.916667 0.202604 0.165741 0.963681
3 0.725000 0.245370 0.022917 0.081481 0.777066
0 0.236979 0.150000 0.102604 0.064815 0.741339
3 0.235938 0.216667 0.029687 0.080556 0.571006
5 0.219271 0.208333 0.019271 0.079630 0.386070
