0 0.515104 0.380556 0.084375 0.120370 0.999604
0 0.504687 0.237037 0.053646 0.081481 0.999264
0 0.537500 0.126852 0.030729 0.048148 0.997748
0 0.466667 0.156481 0.040104 0.059259 0.997320
0 0.393750 0.198148 0.048958 0.075926 0.991981
0 0.401042 0.139815 0.036979 0.057407 0.990620
0 0.457292 0.069444 0.022396 0.029630 0.988627
0 0.148958 0.137963 0.041667 0.047222 0.975181
0 0.396875 0.098148 0.031250 0.037037 0.974653
1 0.517708 0.060185 0.036979 0.085185 0.939757
0 0.474479 0.098148 0.029687 0.037963 0.900075
5 0.066146 0.247222 0.019271 0.087037 0.696243
0 0.555208 0.040741 0.017708 0.032407 0.355973
0 0.469792 0.126852 0.034896 0.043519 0.320052
