0 0.371875 0.370370 0.085417 0.138889 0.999501
0 0.566667 0.528704 0.123438 0.191667 0.999317
0 0.515104 0.262963 0.060417 0.107407 0.999076
0 0.366667 0.237037 0.061979 0.100926 0.999046
0 0.513021 0.150000 0.041146 0.060185 0.998090
0 0.341667 0.898148 0.196354 0.203704 0.996233
0 0.047917 0.199074 0.053646 0.064815 0.988475
0 0.460417 0.133333 0.033854 0.048148 0.987832
0 0.117188 0.155556 0.040625 0.046296 0.970646
0 0.494271 0.109259 0.029687 0.037037 0.942170
0 0.148438 0.118519 0.036458 0.037037 0.927088
0 0.050521 0.161111 0.043229 0.048148 0.614698
2 0.400521 0.137037 0.043750 0.078704 0.521048
0 0.222917 0.101852 0.025521 0.032407 0.469314
4 0.559375 0.127778 0.017708 0.064815 0.369170
