0 0.486979 0.175926 0.041667 0.060185 0.997437
0 0.114063 0.104630 0.030208 0.037963 0.992733
0 0.482292 0.101852 0.026563 0.041667 0.991965
0 0.056250 0.155556 0.052083 0.070370 0.990376
0 0.426562 0.125926 0.035417 0.039815 0.990372
0 0.546354 0.073148 0.020833 0.030556 0.988584
0 0.619792 0.888889 0.198437 0.222222 0.980733
0 0.503646 0.068519 0.021875 0.029630 0.978570
0 0.463542 0.069444 0.021354 0.024074 0.973310
0 0.164583 0.145370 0.039583 0.058333 0.934285
0 0.522396 0.054630 0.018750 0.024074 0.896370
0 0.497396 0.043519 0.018229 0.023148 0.538041
0 0.526563 0.031481 0.015625 0.017593 0.287839
