0 0.776563 0.606481 0.144271 0.186111 0.999848
0 0.351042 0.696296 0.136458 0.224074 0.999825
0 0.605729 0.688889 0.146354 0.234259 0.999125
0 0.018229 0.166667 0.035937 0.051852 0.997650
0 0.329688 0.936111 0.212500 0.125000 0.986601
0 0.893750 0.814815 0.207292 0.369444 0.980330
0 0.135937 0.140741 0.036979 0.052778 0.956357
5 0.070833 0.244444 0.020833 0.075926 0.930301
2 0.501042 0.064815 0.037500 0.079630 0.914160
3 0.545313 0.091667 0.011458 0.045370 0.883969
0 0.173958 0.110185 0.024479 0.031481 0.818771
0 0.128646 0.107407 0.027604 0.038889 0.622363
