0 0.356250 0.739815 0.145313 0.255556 0.999704
0 0.765104 0.606481 0.151042 0.192593 0.999533
0 0.589063 0.559259 0.135937 0.265741 0.998667
0 0.099479 0.141667 0.044271 0.046296 0.995209
0 0.017708 0.225000 0.034375 0.070370 0.985254
0 0.054688 0.189815 0.054167 0.062963 0.982482
0 0.166667 0.125926 0.036979 0.045370 0.902757
0 0.017708 0.185185 0.034896 0.054630 0.853028
0 0.054688 0.149074 0.045313 0.059259 0.816826
2 0.755729 0.861111 0.302604 0.277778 0.633105
0 0.916146 0.878704 0.167708 0.214815 0.578805
3 0.911979 0.720370 0.046875 0.119444 0.413213
