0 0.379687 0.401852 0.110417 0.246296 0.999068
0 0.400000 0.228704 0.055729 0.087037 0.998935
0 0.484896 0.187037 0.041667 0.060185 0.998262
0 0.460417 0.139815 0.033333 0.045370 0.997189
0 0.503125 0.321296 0.069792 0.114815 0.995884
0 0.421354 0.106481 0.028125 0.037963 0.992101
0 0.396354 0.169444 0.044792 0.054630 0.988787
0 0.463021 0.073148 0.021354 0.029630 0.987171
0 0.506250 0.083333 0.022917 0.033333 0.977027
0 0.478646 0.103704 0.026042 0.036111 0.976042
0 0.417708 0.075000 0.025000 0.028704 0.955903
0 0.159896 0.116667 0.031771 0.034259 0.939878
0 0.448438 0.052778 0.018229 0.030556 0.896555
2 0.540104 0.045370 0.032292 0.075000 0.849946
0 0.504167 0.055556 0.019792 0.024074 0.809367
0 0.513021 0.042593 0.016667 0.025926 0.453197
0 0.275000 0.148148 0.053125 0.063889 0.296020
2 0.244271 0.148148 0.122396 0.064815 0.257951
