0 0.510417 0.463889 0.104167 0.152778 0.999313
0 0.501562 0.335185 0.079167 0.159259 0.998870
0 0.664062 0.406481 0.097396 0.137963 0.998812
0 0.813542 0.719444 0.176042 0.255556 0.997745
0 0.358333 0.362963 0.076563 0.110185 0.996120
0 0.387500 0.239815 0.066667 0.130556 0.992467
0 0.036979 0.200000 0.054167 0.071296 0.989862
0 0.095312 0.140741 0.040625 0.054630 0.964999
0 0.169792 0.122222 0.032812 0.045370 0.960959
0 0.236979 0.150926 0.080729 0.058333 0.869624
0 0.493750 0.051852 0.018229 0.024074 0.699594
1 0.050521 0.122222 0.087500 0.117593 0.665452
3 0.892708 0.350000 0.016146 0.095370 0.335476
