0 0.766667 0.591667 0.146875 0.195370 0.999453
0 0.572396 0.586111 0.132292 0.207407 0.999453
0 0.503125 0.335185 0.080729 0.113889 0.999400
0 0.475000 0.251852 0.059896 0.080556 0.999019
0 0.358854 0.573148 0.116667 0.241667 0.997783
0 0.552604 0.207407 0.057292 0.082407 0.997621
0 0.597917 0.277778 0.070833 0.097222 0.997044
0 0.022917 0.215741 0.045313 0.059259 0.993505
0 0.360417 0.371296 0.099479 0.201852 0.992551
0 0.117188 0.116667 0.032812 0.040741 0.990837
2 0.516146 0.103704 0.087500 0.112963 0.945878
0 0.369271 0.259259 0.066146 0.078704 0.921212
