0 0.584375 0.610185 0.141146 0.222222 0.999748
0 0.348958 0.661111 0.127083 0.204630 0.999653
0 0.630729 0.873148 0.185937 0.250000 0.998904
0 0.313542 0.876852 0.188542 0.246296 0.994644
0 0.018750 0.216667 0.036979 0.064815 0.994203
0 0.092188 0.128704 0.048437 0.082407 0.990788
0 0.165104 0.125926 0.039062 0.047222 0.965340
2 0.501042 0.031481 0.028646 0.054630 0.956910
0 0.035937 0.142593 0.047396 0.064815 0.935735
0 0.017708 0.185185 0.034896 0.051852 0.818682
1 0.836458 0.557407 0.313021 0.536111 0.298237
