0 0.367188 0.434259 0.094271 0.192593 0.999732
0 0.540625 0.662037 0.131771 0.251852 0.999616
0 0.333854 0.886111 0.166146 0.226852 0.999194
0 0.394271 0.253704 0.066667 0.093519 0.998815
0 0.693229 0.471296 0.116146 0.161111 0.998724
0 0.581771 0.239815 0.058333 0.099074 0.998450
0 0.482292 0.157407 0.038542 0.050000 0.998062
0 0.930208 0.937037 0.129688 0.123148 0.997102
0 0.418750 0.117593 0.035417 0.043519 0.996979
0 0.486979 0.216667 0.054688 0.071296 0.996155
0 0.488021 0.107407 0.029687 0.040741 0.995852
0 0.488021 0.302778 0.075521 0.118519 0.989269
0 0.383333 0.155556 0.044792 0.077778 0.985115
0 0.539583 0.145370 0.044792 0.079630 0.966415
0 0.520312 0.055556 0.020312 0.026852 0.959465
0 0.492188 0.074074 0.026563 0.036111 0.885643
