0 0.356250 0.744444 0.146354 0.260185 0.999793
0 0.798958 0.667593 0.171875 0.200000 0.999249
0 0.606771 0.622222 0.145313 0.287037 0.996513
0 0.028125 0.207407 0.055729 0.077778 0.987522
0 0.155729 0.117593 0.034896 0.036111 0.983653
0 0.082292 0.175000 0.047917 0.054630 0.979588
0 0.927083 0.897222 0.144792 0.194444 0.864907
0 0.534375 0.040741 0.017708 0.027778 0.767388
2 0.753646 0.861111 0.303646 0.276852 0.763104
0 0.080208 0.141667 0.048437 0.074074 0.542810
0 0.003646 0.227778 0.006771 0.062963 0.480991
1 0.043229 0.125926 0.071354 0.098148 0.459803
0 0.004688 0.179630 0.008333 0.053704 0.312821
