0 0.350521 0.713889 0.142708 0.221296 0.999814
0 0.611458 0.715741 0.150521 0.241667 0.999543
0 0.843229 0.726852 0.175000 0.226852 0.995470
0 0.434896 0.129630 0.051562 0.050000 0.994625
3 0.541667 0.252778 0.040104 0.080556 0.989652
0 0.329688 0.950000 0.226562 0.100000 0.986378
3 0.392708 0.251852 0.048437 0.084259 0.975733
0 0.933854 0.875926 0.131771 0.248148 0.959168
0 0.518229 0.053704 0.019792 0.026852 0.954077
0 0.459896 0.068519 0.025000 0.032407 0.921368
0 0.501042 0.078704 0.021875 0.034259 0.768157
0 0.540625 0.035185 0.017188 0.024074 0.617093
2 0.239583 0.128704 0.160417 0.115741 0.604520
0 0.494792 0.047222 0.017188 0.027778 0.536938
5 0.424479 0.235185 0.023438 0.074074 0.347947
