0 0.347917 0.517593 0.121875 0.210185 0.999463
0 0.572917 0.639815 0.157292 0.260185 0.999229
0 0.530208 0.368519 0.073437 0.144444 0.998366
0 0.675000 0.426852 0.111979 0.152778 0.997837
0 0.394271 0.321296 0.075000 0.118519 0.997320
0 0.159375 0.131481 0.037500 0.042593 0.997143
0 0.479688 0.225000 0.055729 0.081481 0.996859
0 0.570833 0.234259 0.057292 0.071296 0.995964
0 0.041146 0.201852 0.053646 0.069444 0.993183
0 0.116667 0.154630 0.041146 0.049074 0.987266
0 0.073437 0.176852 0.043229 0.059259 0.984509
0 0.015104 0.167593 0.029687 0.053704 0.974603
0 0.046354 0.147222 0.033333 0.040741 0.961330
1 0.083333 0.106481 0.068229 0.083333 0.854453
0 0.099479 0.140741 0.036979 0.044444 0.852816
1 0.866146 0.744444 0.261458 0.510185 0.479121
0 0.222917 0.118519 0.030729 0.041667 0.287525
