0 0.592708 0.696296 0.150000 0.228704 0.998859
0 0.369271 0.147222 0.079687 0.058333 0.998613
0 0.350521 0.836111 0.162500 0.316667 0.997794
0 0.365104 0.596296 0.135937 0.230556 0.997589
0 0.825000 0.681481 0.184896 0.261111 0.996876
0 0.122396 0.149074 0.039583 0.049074 0.992216
0 0.434375 0.131481 0.045313 0.050000 0.991518
0 0.028646 0.207407 0.056771 0.068519 0.991373
0 0.928646 0.933333 0.138021 0.133333 0.965852
0 0.449479 0.083333 0.028125 0.035185 0.962146
0 0.065104 0.124074 0.035937 0.041667 0.957329
0 0.685417 0.957407 0.223438 0.081481 0.937791
2 0.519792 0.061111 0.033854 0.096296 0.911207
0 0.050521 0.169444 0.043750 0.046296 0.815023
