0 0.529167 0.449074 0.092708 0.155556 0.999634
0 0.854167 0.795370 0.188021 0.267593 0.999447
0 0.591667 0.723148 0.158333 0.247222 0.999368
0 0.375521 0.339815 0.077604 0.125000 0.999181
0 0.638542 0.353704 0.090104 0.121296 0.999128
0 0.728125 0.496296 0.116667 0.150926 0.998668
0 0.348437 0.552778 0.114583 0.191667 0.998176
0 0.051562 0.188889 0.053646 0.067593 0.996465
0 0.103125 0.160185 0.045833 0.060185 0.990973
0 0.015625 0.180556 0.030208 0.061111 0.986327
0 0.315625 0.949074 0.216146 0.101852 0.982765
0 0.165625 0.125926 0.036979 0.045370 0.979219
0 0.132812 0.124074 0.032292 0.038889 0.958874
0 0.005729 0.237037 0.010417 0.066667 0.861520
