0 0.350000 0.712963 0.144792 0.233333 0.999913
0 0.579167 0.702778 0.143229 0.226852 0.999425
0 0.656771 0.905556 0.226042 0.187963 0.998636
0 0.079687 0.177778 0.046354 0.054630 0.998098
0 0.030729 0.145370 0.038542 0.043519 0.993739
0 0.310417 0.918519 0.200000 0.162963 0.983179
3 0.882812 0.850926 0.066667 0.217593 0.943277
2 0.509896 0.064815 0.035937 0.086111 0.913640
0 0.137500 0.109259 0.035417 0.037963 0.858388
3 0.916146 0.399074 0.018229 0.132407 0.645445
0 0.229167 0.104630 0.034896 0.042593 0.597007
