0 0.323438 0.860185 0.157292 0.274074 0.999716
0 0.584896 0.265741 0.066667 0.080556 0.998760
0 0.635417 0.393519 0.092188 0.118519 0.998487
0 0.026563 0.216667 0.051042 0.065741 0.995982
0 0.490104 0.219444 0.052604 0.075000 0.995063
0 0.492188 0.110185 0.028646 0.039815 0.993957
0 0.479167 0.164815 0.043750 0.057407 0.990430
0 0.395312 0.311111 0.067188 0.132407 0.988639
0 0.391146 0.158333 0.050521 0.091667 0.987333
0 0.504167 0.063889 0.020312 0.030556 0.984530
0 0.094792 0.113889 0.031771 0.034259 0.979865
0 0.451042 0.121296 0.032292 0.046296 0.969783
0 0.157813 0.125926 0.036979 0.052778 0.958279
0 0.476042 0.051852 0.020312 0.028704 0.941495
0 0.534896 0.090741 0.022917 0.031481 0.924368
0 0.439063 0.094444 0.027083 0.037963 0.894302
1 0.540104 0.054630 0.032812 0.067593 0.835484
0 0.515625 0.054630 0.015625 0.027778 0.541598
0 0.007292 0.196296 0.013542 0.053704 0.414663
