0 0.356250 0.392593 0.092708 0.140741 0.999708
0 0.528646 0.394444 0.087500 0.121296 0.999572
0 0.470833 0.275000 0.062500 0.107407 0.999063
0 0.611979 0.300000 0.070312 0.098148 0.998983
0 0.376563 0.267593 0.058854 0.087963 0.998751
0 0.617708 0.682407 0.158854 0.284259 0.998458
0 0.097396 0.138889 0.040104 0.054630 0.997535
0 0.556250 0.195370 0.047396 0.071296 0.997444
0 0.316146 0.757407 0.167708 0.344444 0.996900
0 0.475521 0.139815 0.038542 0.050000 0.994558
0 0.429167 0.126852 0.038021 0.050000 0.992271
0 0.394792 0.169444 0.043229 0.073148 0.990761
0 0.019792 0.150000 0.036979 0.047222 0.990310
0 0.468229 0.065741 0.022917 0.029630 0.982479
0 0.506250 0.073148 0.023438 0.030556 0.979529
0 0.431250 0.082407 0.031250 0.041667 0.975647
0 0.536979 0.117593 0.029687 0.053704 0.970988
0 0.482812 0.104630 0.030729 0.038889 0.954928
0 0.531250 0.082407 0.027604 0.042593 0.789835
0 0.514583 0.049074 0.018750 0.025000 0.761060
0 0.542708 0.037037 0.018750 0.025000 0.450646
