0 0.356771 0.744444 0.145833 0.262037 0.999767
0 0.798437 0.667593 0.172396 0.200926 0.999227
0 0.607292 0.622222 0.145833 0.287037 0.996573
0 0.090625 0.169444 0.046875 0.054630 0.994369
0 0.028125 0.208333 0.055729 0.074074 0.993989
0 0.527083 0.043519 0.018750 0.028704 0.928617
0 0.926562 0.896296 0.144792 0.195370 0.842557
2 0.754167 0.862037 0.308854 0.275926 0.716428
0 0.170833 0.111111 0.024479 0.031481 0.630682
0 0.024479 0.180556 0.046875 0.050926 0.608655
0 0.097917 0.130556 0.044271 0.056481 0.526737
1 0.054688 0.120370 0.068750 0.090741 0.512452
0 0.003125 0.226852 0.005729 0.067593 0.341434
