0 0.565104 0.625926 0.135937 0.199074 0.999676
0 0.361458 0.658333 0.135937 0.237037 0.999487
0 0.799479 0.675000 0.159896 0.219444 0.999178
0 0.022396 0.217593 0.044271 0.062963 0.998032
0 0.131771 0.140741 0.039062 0.056481 0.992052
0 0.052083 0.190741 0.046354 0.060185 0.987798
0 0.498958 0.069444 0.023438 0.034259 0.811979
0 0.131771 0.112037 0.031771 0.035185 0.388183
0 0.493750 0.051852 0.020312 0.027778 0.373191
0 0.932292 0.983333 0.135417 0.032407 0.346887
0 0.002604 0.177778 0.004688 0.069444 0.255760
