0 0.347917 0.683333 0.127604 0.221296 0.999638
0 0.374479 0.350926 0.079167 0.150926 0.999579
0 0.400521 0.216667 0.056250 0.084259 0.999488
0 0.515104 0.532407 0.113542 0.200000 0.999455
0 0.478646 0.256481 0.064062 0.090741 0.999046
0 0.842188 0.751852 0.175000 0.246296 0.998954
0 0.643229 0.381481 0.092708 0.129630 0.998932
0 0.673437 0.916667 0.211458 0.165741 0.997665
0 0.566667 0.203704 0.048437 0.086111 0.994905
0 0.492708 0.092593 0.026563 0.037037 0.993747
0 0.478125 0.132407 0.033854 0.043519 0.992588
0 0.533333 0.129630 0.038021 0.065741 0.988442
0 0.427604 0.104630 0.034375 0.040741 0.981671
0 0.390104 0.132407 0.040104 0.063889 0.980221
0 0.482812 0.186111 0.047917 0.060185 0.978667
0 0.502083 0.063889 0.023958 0.030556 0.939774
0 0.530208 0.050000 0.017708 0.025926 0.531939
0 0.136458 0.103704 0.032812 0.034259 0.327749
0 0.245833 0.079630 0.020833 0.025926 0.311353
