0 0.350000 0.713889 0.143229 0.221296 0.999802
0 0.611458 0.715741 0.150000 0.241667 0.999536
0 0.842708 0.726852 0.175000 0.225926 0.996016
0 0.102604 0.141667 0.041146 0.046296 0.992679
0 0.477083 0.112963 0.038542 0.042593 0.991523
0 0.329688 0.950000 0.227083 0.100000 0.986566
0 0.934375 0.875000 0.131250 0.249074 0.959780
0 0.539583 0.042593 0.016667 0.024074 0.881359
0 0.508854 0.063889 0.019271 0.031481 0.811852
0 0.477604 0.050926 0.019792 0.027778 0.810999
2 0.255729 0.134259 0.236458 0.131481 0.772866
5 0.377083 0.233333 0.023438 0.076852 0.597752
3 0.526563 0.221296 0.030208 0.100000 0.568957
