0 0.409375 0.200926 0.050521 0.073148 0.998237
0 0.700521 0.888889 0.215104 0.218519 0.997625
0 0.512500 0.132407 0.034375 0.045370 0.995836
0 0.159375 0.128704 0.033854 0.043519 0.995208
0 0.954687 0.937037 0.090625 0.125000 0.984802
0 0.334896 0.941667 0.237500 0.115741 0.976496
0 0.499479 0.266667 0.088542 0.177778 0.966859
0 0.543229 0.064815 0.019271 0.027778 0.963666
0 0.445312 0.094444 0.025521 0.032407 0.949182
4 0.026042 0.158333 0.034375 0.050000 0.947855
0 0.491146 0.087037 0.024479 0.032407 0.945646
0 0.516146 0.056481 0.019271 0.024074 0.929620
0 0.462500 0.075000 0.023438 0.026852 0.875895
0 0.227604 0.107407 0.034375 0.044444 0.811691
3 0.930208 0.407407 0.026042 0.125000 0.784642
0 0.527083 0.043519 0.016146 0.021296 0.391776
0 0.541146 0.035185 0.015625 0.023148 0.324515
