0 0.338021 0.837037 0.176042 0.313889 0.998636
0 0.482812 0.156481 0.035937 0.053704 0.997895
0 0.814583 0.687037 0.179688 0.281481 0.997647
0 0.589063 0.646296 0.152083 0.267593 0.995922
0 0.916667 0.905556 0.159896 0.180556 0.995578
0 0.378646 0.130556 0.035417 0.044444 0.994638
0 0.513021 0.105556 0.028646 0.038889 0.992793
0 0.635417 0.872222 0.206250 0.247222 0.991660
0 0.036979 0.138889 0.038542 0.043519 0.990317
0 0.367708 0.181481 0.047917 0.059259 0.989438
0 0.459896 0.073148 0.022917 0.025926 0.988719
0 0.418750 0.107407 0.030208 0.038889 0.985689
0 0.546354 0.081481 0.023958 0.030556 0.979632
0 0.463021 0.125926 0.031250 0.041667 0.966135
0 0.502083 0.078704 0.023958 0.029630 0.960651
0 0.420312 0.071296 0.024479 0.031481 0.931023
0 0.222917 0.146296 0.088021 0.049074 0.878637
3 0.708333 0.256481 0.028646 0.064815 0.830379
0 0.505208 0.059259 0.019792 0.024074 0.778876
4 0.514583 0.239815 0.073437 0.075000 0.765543
