0 0.360938 0.619444 0.123438 0.208333 0.999541
0 0.386979 0.339815 0.073958 0.105556 0.998113
0 0.501562 0.263889 0.056771 0.103704 0.997722
0 0.016667 0.167593 0.032292 0.050000 0.997506
0 0.588542 0.246296 0.059375 0.078704 0.997357
0 0.395312 0.177778 0.045313 0.057407 0.996307
0 0.418750 0.123148 0.033854 0.038889 0.985813
0 0.059896 0.162037 0.046354 0.053704 0.973059
0 0.107292 0.123148 0.038021 0.038889 0.972948
0 0.454688 0.072222 0.021875 0.028704 0.971558
0 0.482292 0.108333 0.029167 0.041667 0.967469
0 0.512500 0.101852 0.030208 0.038889 0.946206
0 0.543750 0.109259 0.037500 0.061111 0.943894
0 0.484375 0.206481 0.050521 0.063889 0.930778
0 0.474479 0.055556 0.021875 0.025926 0.855407
0 0.160938 0.123148 0.044792 0.055556 0.834404
0 0.498958 0.045370 0.018750 0.022222 0.769080
0 0.524479 0.050926 0.018750 0.023148 0.665183
