0 0.380208 0.700000 0.133333 0.226852 0.999783
0 0.835938 0.707407 0.169271 0.237037 0.999170
0 0.367708 0.138889 0.035417 0.048148 0.998081
0 0.443750 0.202778 0.054688 0.065741 0.996191
0 0.028646 0.210185 0.053125 0.062963 0.982973
2 0.420312 0.093519 0.050000 0.116667 0.982097
2 0.092188 0.149074 0.109375 0.108333 0.924086
0 0.471875 0.059259 0.022917 0.029630 0.899883
2 0.540104 0.112037 0.054167 0.150000 0.826729
4 0.694792 0.236111 0.051562 0.088889 0.800395
1 0.024479 0.145370 0.047917 0.109259 0.778983
0 0.516667 0.054630 0.018750 0.026852 0.698333
5 0.272917 0.208333 0.021875 0.071296 0.616014
