0 0.352083 0.639815 0.131771 0.236111 0.999891
0 0.595833 0.695370 0.140104 0.233333 0.999249
0 0.317708 0.248148 0.096354 0.082407 0.998987
0 0.804167 0.658333 0.173958 0.224074 0.998518
0 0.914583 0.901852 0.170833 0.191667 0.995784
0 0.028646 0.213889 0.055208 0.062037 0.994446
0 0.052604 0.167593 0.044271 0.050000 0.994246
0 0.311979 0.932407 0.208333 0.134259 0.993966
0 0.035417 0.312037 0.070312 0.130556 0.980301
2 0.421354 0.161111 0.068229 0.114815 0.961795
0 0.236458 0.150926 0.082813 0.056481 0.836020
0 0.495313 0.091667 0.033333 0.055556 0.833026
0 0.015104 0.187963 0.029687 0.057407 0.671267
0 0.649479 0.969444 0.219271 0.061111 0.659630
5 0.130729 0.225926 0.020312 0.083333 0.641810
0 0.035417 0.151852 0.039583 0.040741 0.556751
