0 0.526042 0.449074 0.096875 0.146296 0.999779
0 0.352604 0.478704 0.106250 0.174074 0.999704
0 0.717188 0.510185 0.119792 0.170370 0.998972
0 0.493750 0.250926 0.058854 0.076852 0.998886
0 0.112500 0.150000 0.040625 0.055556 0.998485
0 0.477604 0.177778 0.041667 0.059259 0.997903
0 0.429688 0.100926 0.034896 0.056481 0.992163
0 0.611458 0.304630 0.079687 0.117593 0.989892
0 0.537500 0.145370 0.034896 0.050000 0.989262
0 0.395312 0.143519 0.040104 0.053704 0.988461
0 0.082292 0.140741 0.035937 0.055556 0.984596
0 0.533854 0.104630 0.027083 0.037963 0.965747
2 0.381250 0.277778 0.109375 0.214815 0.945623
0 0.493229 0.062037 0.021354 0.028704 0.886277
0 0.168229 0.123148 0.041146 0.050000 0.883488
2 0.482812 0.118519 0.041146 0.077778 0.631915
0 0.243229 0.080556 0.026042 0.026852 0.398804
