0 0.765625 0.604630 0.151042 0.197222 0.998936
0 0.028125 0.205556 0.053646 0.072222 0.998539
0 0.440104 0.130556 0.044792 0.048148 0.997968
0 0.365625 0.607407 0.159896 0.311111 0.996408
0 0.063542 0.179630 0.043229 0.062037 0.995314
2 0.534896 0.073148 0.043750 0.113889 0.989018
0 0.910417 0.863889 0.179167 0.262963 0.985789
0 0.571354 0.644444 0.122396 0.203704 0.967759
0 0.036979 0.148148 0.041667 0.044444 0.952700
0 0.303646 0.956481 0.219792 0.084259 0.939816
3 0.551042 0.120370 0.011979 0.055556 0.443986
0 0.254167 0.131481 0.048437 0.083333 0.329136
0 0.006250 0.188889 0.011979 0.061111 0.313429
0 0.176563 0.121296 0.016667 0.033333 0.286701
