0 0.550000 0.546296 0.115625 0.175926 0.999841
0 0.329167 0.603704 0.136979 0.183333 0.999297
0 0.622917 0.799074 0.184375 0.287037 0.998413
0 0.024479 0.141667 0.035937 0.037963 0.997768
0 0.016146 0.193519 0.031771 0.055556 0.995417
0 0.804688 0.649074 0.180729 0.242593 0.993174
2 0.530208 0.080556 0.047917 0.112037 0.988201
0 0.916146 0.879630 0.167708 0.240741 0.980424
0 0.327604 0.833333 0.239063 0.333333 0.963152
0 0.501042 0.043519 0.019271 0.022222 0.898161
0 0.137500 0.137963 0.030208 0.045370 0.355150
