0 0.773958 0.627778 0.156250 0.189815 0.999854
0 0.379687 0.575000 0.122917 0.211111 0.999690
0 0.571875 0.624074 0.140104 0.231481 0.999649
0 0.325521 0.868519 0.204167 0.256481 0.999141
0 0.905729 0.876852 0.188021 0.246296 0.997673
0 0.657812 0.829630 0.178646 0.313889 0.997333
0 0.156250 0.132407 0.035417 0.044444 0.990039
0 0.093750 0.163889 0.050521 0.064815 0.982474
0 0.049479 0.195370 0.057813 0.072222 0.947682
1 0.089583 0.107407 0.066667 0.085185 0.930934
0 0.014062 0.187037 0.027604 0.067593 0.929949
0 0.536458 0.040741 0.015625 0.022222 0.829121
0 0.056250 0.145370 0.038542 0.050926 0.704485
0 0.026563 0.158333 0.034375 0.046296 0.439308
0 0.463021 0.062037 0.026042 0.040741 0.330206
0 0.555208 0.044444 0.011458 0.025000 0.279591
5 0.044792 0.127778 0.010417 0.036111 0.270364
