0 0.365625 0.622222 0.119271 0.231481 0.999160
0 0.380729 0.278704 0.065104 0.087037 0.998930
0 0.408854 0.175000 0.043750 0.054630 0.997941
0 0.479688 0.222222 0.049479 0.077778 0.997871
0 0.535417 0.124074 0.030208 0.042593 0.997229
0 0.479688 0.141667 0.037500 0.046296 0.992743
0 0.436979 0.102778 0.027604 0.037037 0.990733
0 0.409375 0.131481 0.037500 0.039815 0.990628
0 0.088021 0.145370 0.040625 0.049074 0.990050
0 0.493750 0.097222 0.024479 0.031481 0.983585
0 0.135417 0.140741 0.040104 0.048148 0.983310
0 0.532292 0.082407 0.022917 0.029630 0.981159
0 0.013542 0.152778 0.026042 0.047222 0.967294
0 0.462500 0.082407 0.022917 0.034259 0.965695
0 0.499479 0.073148 0.021875 0.025926 0.954028
0 0.453125 0.060185 0.020833 0.024074 0.760528
0 0.541146 0.061111 0.018229 0.025926 0.731962
0 0.529688 0.046296 0.017188 0.021296 0.396427
