0 0.596354 0.748148 0.161979 0.262037 0.999747
0 0.492188 0.234259 0.054688 0.084259 0.997729
0 0.414583 0.199074 0.047396 0.068519 0.996807
0 0.501562 0.072222 0.021354 0.029630 0.985755
5 0.066146 0.247222 0.019792 0.085185 0.820878
0 0.546875 0.051852 0.017188 0.025926 0.788859
0 0.488542 0.050926 0.017708 0.026852 0.733023
1 0.872396 0.726852 0.254687 0.545370 0.581354
0 0.531771 0.042593 0.017188 0.027778 0.552937
3 0.011979 0.242593 0.022917 0.067593 0.384105
0 0.510417 0.037963 0.016667 0.024074 0.351299
