0 0.338021 0.837037 0.176042 0.314815 0.998313
0 0.814583 0.687037 0.179688 0.281481 0.997863
0 0.017188 0.147222 0.033854 0.048148 0.996814
0 0.917188 0.904630 0.158854 0.181481 0.995865
0 0.589583 0.645370 0.151562 0.265741 0.995740
0 0.501042 0.075000 0.021354 0.029630 0.992877
0 0.635417 0.873148 0.205208 0.248148 0.989892
0 0.453125 0.073148 0.023438 0.028704 0.986758
0 0.395312 0.121296 0.041146 0.046296 0.984452
0 0.515625 0.054630 0.018229 0.024074 0.959920
0 0.544792 0.041667 0.015625 0.021296 0.948835
0 0.565104 0.072222 0.019271 0.030556 0.890568
0 0.238542 0.108333 0.031771 0.033333 0.834013
0 0.488021 0.050000 0.017708 0.020370 0.809170
0 0.531771 0.030556 0.014583 0.021296 0.763924
0 0.460938 0.053704 0.019792 0.023148 0.652708
3 0.682292 0.150000 0.009375 0.055556 0.595634
0 0.558854 0.032407 0.014583 0.021296 0.502531
