0 0.332292 0.433333 0.093750 0.150000 0.999876
0 0.593229 0.671296 0.151042 0.250000 0.999840
0 0.505729 0.389815 0.089062 0.137963 0.999731
0 0.323438 0.745370 0.141146 0.321296 0.999590
0 0.369792 0.267593 0.062500 0.088889 0.999070
0 0.479167 0.224074 0.051042 0.074074 0.998667
0 0.466667 0.150000 0.036979 0.051852 0.998574
0 0.420833 0.117593 0.033333 0.038889 0.995151
0 0.022917 0.180556 0.043229 0.052778 0.993973
0 0.075521 0.125926 0.034375 0.039815 0.990933
1 0.596875 0.237037 0.122917 0.231481 0.990326
0 0.904167 0.880556 0.191146 0.234259 0.986905
0 0.011458 0.225926 0.021875 0.072222 0.960661
0 0.126563 0.148148 0.038021 0.049074 0.959944
0 0.700521 0.963889 0.211979 0.071296 0.959465
0 0.510417 0.097222 0.026563 0.036111 0.913101
0 0.130208 0.118519 0.035937 0.037963 0.861158
5 0.066146 0.247222 0.019271 0.086111 0.799586
0 0.534896 0.141667 0.042188 0.081481 0.723295
