0 0.355729 0.400000 0.079687 0.129630 0.999252
0 0.511979 0.451852 0.096875 0.160185 0.999195
0 0.386458 0.168519 0.041667 0.059259 0.998779
0 0.475521 0.251852 0.056771 0.080556 0.998667
0 0.824479 0.735185 0.177604 0.225926 0.998660
0 0.378125 0.282407 0.060417 0.112963 0.998620
0 0.454688 0.151852 0.041667 0.059259 0.997166
1 0.546875 0.141667 0.077604 0.162963 0.991982
0 0.068750 0.155556 0.044271 0.051852 0.977860
0 0.008854 0.199074 0.017188 0.057407 0.964134
0 0.161979 0.126852 0.036979 0.053704 0.904755
0 0.241667 0.088889 0.030729 0.035185 0.584548
