0 0.082292 0.150000 0.042188 0.047222 0.997783
0 0.394792 0.212963 0.052604 0.075000 0.997232
0 0.540625 0.170370 0.045833 0.054630 0.995514
0 0.478646 0.167593 0.045313 0.071296 0.977751
0 0.132292 0.141667 0.036979 0.053704 0.973000
2 0.502604 0.286111 0.077604 0.175000 0.956753
0 0.529688 0.225000 0.054688 0.070370 0.931418
0 0.160417 0.112037 0.029167 0.036111 0.838867
3 0.611458 0.234259 0.027604 0.071296 0.718937
0 0.009896 0.171296 0.018229 0.051852 0.650344
0 0.113021 0.110185 0.035417 0.060185 0.547315
