0 0.104167 0.137963 0.036458 0.042593 0.997903
0 0.525000 0.112963 0.028125 0.038889 0.997772
0 0.074479 0.178704 0.045313 0.059259 0.997159
0 0.479688 0.205556 0.048958 0.071296 0.996858
0 0.504687 0.069444 0.020312 0.026852 0.991780
0 0.417188 0.116667 0.034375 0.043519 0.986720
0 0.536979 0.080556 0.021875 0.030556 0.982911
2 0.464063 0.059259 0.035937 0.060185 0.941542
0 0.008854 0.237037 0.016667 0.070370 0.932789
0 0.520312 0.051852 0.016667 0.022222 0.864037
0 0.540625 0.061111 0.019792 0.025000 0.603148
3 0.929688 0.412037 0.033333 0.136111 0.530106
0 0.002604 0.160185 0.004688 0.057407 0.487133
0 0.157813 0.107407 0.028125 0.026852 0.250791
