0 0.549479 0.392593 0.087500 0.159259 0.999198
0 0.363021 0.410185 0.097917 0.175926 0.999008
0 0.563021 0.258333 0.070833 0.096296 0.998928
0 0.343750 0.773148 0.158854 0.287963 0.998291
0 0.466146 0.225000 0.054167 0.075926 0.997993
0 0.504687 0.180556 0.044271 0.054630 0.995680
0 0.025521 0.214815 0.050521 0.064815 0.994267
0 0.110417 0.159259 0.047396 0.050000 0.985841
0 0.167187 0.126852 0.035417 0.040741 0.940922
4 0.564062 0.147222 0.018750 0.065741 0.872451
2 0.375000 0.216667 0.063021 0.117593 0.869081
0 0.018229 0.177778 0.035417 0.056481 0.739131
0 0.097917 0.140741 0.042188 0.047222 0.657854
0 0.552083 0.024074 0.016146 0.021296 0.405565
