0 0.573958 0.278704 0.074479 0.098148 0.998794
0 0.409896 0.204630 0.047917 0.081481 0.996236
0 0.482812 0.102778 0.026042 0.042593 0.995988
0 0.501562 0.073148 0.020312 0.028704 0.993265
0 0.417188 0.128704 0.038021 0.062037 0.991517
0 0.459375 0.073148 0.020312 0.029630 0.982746
0 0.441146 0.089815 0.027604 0.037963 0.968947
0 0.474479 0.059259 0.019271 0.025000 0.965117
0 0.484375 0.042593 0.016146 0.021296 0.955772
0 0.170312 0.151852 0.034896 0.048148 0.916894
0 0.526563 0.042593 0.016146 0.023148 0.884478
0 0.510938 0.050926 0.016667 0.023148 0.664935
0 0.496875 0.031481 0.014062 0.021296 0.652061
0 0.511979 0.043519 0.015104 0.025000 0.580843
2 0.257292 0.148148 0.120833 0.068519 0.553065
