0 0.388021 0.305556 0.069792 0.106481 0.997924
0 0.573438 0.240741 0.060938 0.070370 0.996791
0 0.491667 0.226852 0.055208 0.099074 0.995375
0 0.023958 0.174074 0.047396 0.082407 0.992777
0 0.097917 0.142593 0.040625 0.050000 0.992769
0 0.593750 0.313889 0.064062 0.091667 0.969388
3 0.652083 0.296296 0.028646 0.100926 0.963405
0 0.120312 0.119444 0.040104 0.059259 0.913599
2 0.535417 0.403704 0.108854 0.251852 0.906230
0 0.223438 0.099074 0.029167 0.039815 0.563094
0 0.178646 0.104630 0.021354 0.033333 0.441956
