0 0.559896 0.528704 0.123958 0.195370 0.999514
0 0.353646 0.587037 0.117188 0.180556 0.999433
0 0.606771 0.812963 0.165104 0.275000 0.998860
0 0.018229 0.187037 0.035937 0.062037 0.997855
0 0.325521 0.828704 0.166667 0.336111 0.997505
0 0.078646 0.171296 0.050000 0.070370 0.992037
0 0.054167 0.143519 0.051042 0.078704 0.943061
0 0.155729 0.129630 0.041667 0.055556 0.940570
0 0.117188 0.113889 0.033333 0.050000 0.846237
2 0.523438 0.025000 0.027083 0.049074 0.767721
1 0.746875 0.407407 0.272917 0.460185 0.498710
