0 0.778125 0.621296 0.149479 0.205556 0.999208
0 0.611979 0.874074 0.185417 0.250926 0.998578
0 0.375521 0.215741 0.059896 0.071296 0.998228
0 0.350521 0.662037 0.136458 0.278704 0.997872
0 0.489062 0.090741 0.027083 0.037037 0.994980
0 0.923437 0.875000 0.153125 0.250000 0.994560
0 0.440104 0.099074 0.028125 0.044444 0.985473
0 0.424479 0.142593 0.035417 0.052778 0.981718
0 0.514063 0.062963 0.020312 0.028704 0.980288
0 0.408854 0.112963 0.027083 0.045370 0.935697
0 0.240104 0.155556 0.075521 0.050926 0.842207
4 0.120312 0.185185 0.024479 0.060185 0.451633
