0 0.264583 0.272222 0.109375 0.088889 0.999537
0 0.778646 0.620370 0.148958 0.204630 0.999188
0 0.611979 0.874074 0.185937 0.250926 0.998436
0 0.350521 0.662037 0.135417 0.278704 0.998020
0 0.923958 0.875000 0.152083 0.250000 0.994198
0 0.489062 0.112963 0.032812 0.041667 0.994126
0 0.427604 0.119444 0.032812 0.051852 0.992897
0 0.396875 0.181481 0.050521 0.070370 0.992099
0 0.498437 0.081481 0.023438 0.029630 0.951529
0 0.400000 0.137963 0.032812 0.048148 0.536435
0 0.228125 0.151852 0.068229 0.042593 0.501000
