0 0.390625 0.246296 0.098438 0.104630 0.999130
0 0.595312 0.662963 0.145313 0.223148 0.998852
0 0.788021 0.638889 0.140104 0.197222 0.998081
0 0.298958 0.236111 0.084375 0.081481 0.997714
0 0.711458 0.901852 0.240104 0.196296 0.997391
0 0.304688 0.867593 0.209896 0.257407 0.995912
0 0.448958 0.136111 0.040104 0.052778 0.995559
0 0.466667 0.079630 0.024479 0.029630 0.983190
0 0.383333 0.178704 0.059896 0.070370 0.980599
0 0.170833 0.142593 0.038542 0.053704 0.967536
2 0.372396 0.601852 0.151562 0.359259 0.862406
