0 0.405729 0.321296 0.073958 0.121296 0.999367
0 0.070833 0.151852 0.043229 0.052778 0.996642
0 0.283854 0.155556 0.083333 0.048148 0.992746
0 0.519792 0.116667 0.029687 0.037963 0.992229
0 0.511979 0.062963 0.019271 0.026852 0.981863
0 0.171354 0.148148 0.035937 0.048148 0.965388
0 0.543750 0.061111 0.020312 0.030556 0.960910
3 0.571354 0.226852 0.021354 0.077778 0.957952
0 0.248958 0.087963 0.022396 0.030556 0.695488
0 0.526042 0.046296 0.018229 0.022222 0.414189
0 0.479167 0.052778 0.019271 0.029630 0.298864
