0 0.023958 0.146296 0.036458 0.042593 0.995981
0 0.478646 0.112963 0.030208 0.039815 0.992030
0 0.531250 0.078704 0.021875 0.032407 0.982954
0 0.474479 0.056481 0.019792 0.030556 0.927595
0 0.455208 0.078704 0.024479 0.030556 0.926922
0 0.505729 0.064815 0.020833 0.030556 0.910437
0 0.550521 0.052778 0.016667 0.026852 0.856644
5 0.066146 0.247222 0.019792 0.085185 0.831705
0 0.491146 0.035185 0.017188 0.021296 0.803363
0 0.513021 0.054630 0.017708 0.025926 0.547717
0 0.528125 0.039815 0.016667 0.023148 0.461631
0 0.544271 0.024074 0.013021 0.019444 0.444277
