0 0.382812 0.427778 0.092708 0.148148 0.999681
0 0.613021 0.319444 0.079167 0.086111 0.998194
0 0.510417 0.294444 0.072396 0.128704 0.995168
0 0.647917 0.417593 0.101562 0.122222 0.994620
0 0.031250 0.202778 0.061979 0.071296 0.993075
2 0.588542 0.559259 0.154167 0.352778 0.982085
0 0.098958 0.142593 0.041667 0.046296 0.968385
0 0.042188 0.157407 0.053646 0.067593 0.942707
0 0.122396 0.118519 0.036458 0.058333 0.886524
3 0.703125 0.373148 0.031250 0.115741 0.849097
0 0.161979 0.100000 0.023438 0.028704 0.387102
0 0.007292 0.197222 0.013542 0.062963 0.257667
