0 0.550000 0.545370 0.115625 0.175000 0.999849
0 0.797396 0.637037 0.175521 0.239815 0.999481
0 0.329688 0.602778 0.137500 0.182407 0.999326
0 0.622917 0.799074 0.183333 0.287037 0.998252
0 0.015625 0.193519 0.030208 0.055556 0.995942
0 0.040104 0.154630 0.037500 0.046296 0.994105
0 0.080208 0.174074 0.045313 0.056481 0.988009
2 0.536458 0.061111 0.038542 0.099074 0.984759
0 0.916146 0.878704 0.167187 0.241667 0.981798
0 0.327604 0.832407 0.240104 0.333333 0.950207
2 0.332292 0.122222 0.332812 0.138889 0.811691
0 0.087500 0.139815 0.038542 0.051852 0.763861
