0 0.380208 0.574074 0.122917 0.212037 0.999750
0 0.573958 0.635185 0.146354 0.242593 0.999665
0 0.180208 0.297222 0.123438 0.094444 0.999566
0 0.434375 0.228704 0.068229 0.087037 0.999306
0 0.059375 0.140741 0.034896 0.040741 0.996960
0 0.128125 0.128704 0.033333 0.045370 0.993795
0 0.052083 0.190741 0.056250 0.071296 0.992593
0 0.501562 0.164815 0.040625 0.070370 0.984344
0 0.014062 0.187037 0.027083 0.065741 0.981588
0 0.164062 0.139815 0.045313 0.071296 0.976786
1 0.091667 0.103704 0.060938 0.080556 0.944659
3 0.302083 0.209259 0.020312 0.075926 0.939722
0 0.030208 0.157407 0.031250 0.045370 0.938536
0 0.500521 0.068519 0.022396 0.029630 0.937253
2 0.546875 0.053704 0.029167 0.068519 0.707097
4 0.054688 0.350926 0.095312 0.122222 0.579830
