0 0.778646 0.620370 0.149479 0.204630 0.999196
0 0.611979 0.875000 0.185417 0.250000 0.998457
0 0.351042 0.662037 0.136458 0.278704 0.998213
0 0.337500 0.240741 0.084375 0.078704 0.997990
0 0.488021 0.101852 0.029687 0.039815 0.996409
0 0.923437 0.875000 0.152604 0.250000 0.994485
0 0.506250 0.071296 0.022917 0.030556 0.980987
0 0.414583 0.160185 0.041667 0.062037 0.975276
0 0.434375 0.109259 0.031250 0.047222 0.970283
0 0.235417 0.155556 0.065104 0.044444 0.526762
0 0.408333 0.128704 0.032292 0.049074 0.513287
0 0.245833 0.079630 0.022917 0.025926 0.410449
