0 0.369271 0.590741 0.122917 0.207407 0.999642
0 0.755208 0.598148 0.150521 0.180556 0.999315
0 0.533854 0.376852 0.091146 0.171296 0.998224
0 0.668750 0.425926 0.106250 0.129630 0.996584
0 0.017708 0.189815 0.034375 0.053704 0.994917
0 0.094271 0.159259 0.050000 0.070370 0.979917
0 0.055208 0.150926 0.047396 0.071296 0.971321
0 0.008333 0.235185 0.015625 0.066667 0.968018
0 0.127083 0.112963 0.038021 0.062963 0.892686
2 0.668229 0.780556 0.237500 0.438889 0.466615
3 0.773438 0.470370 0.044792 0.112037 0.265196
