0 0.776042 0.621296 0.155208 0.205556 0.999319
0 0.089583 0.140741 0.041146 0.049074 0.998756
0 0.365625 0.608333 0.160417 0.314815 0.997674
0 0.126563 0.112037 0.031771 0.038889 0.997293
0 0.033854 0.200000 0.059375 0.069444 0.996575
2 0.515104 0.100000 0.087500 0.118519 0.985718
0 0.066146 0.177778 0.040625 0.060185 0.985410
0 0.909896 0.862963 0.180208 0.262963 0.985136
0 0.306250 0.151852 0.094792 0.050000 0.983793
0 0.571875 0.644444 0.125000 0.201852 0.968723
0 0.303125 0.956481 0.219792 0.084259 0.943635
3 0.569271 0.165741 0.015625 0.072222 0.852810
0 0.025521 0.155556 0.040625 0.049074 0.829464
0 0.247917 0.087963 0.023438 0.029630 0.705485
0 0.178125 0.127778 0.030208 0.058333 0.583954
0 0.006250 0.195370 0.011979 0.054630 0.580614
