0 0.402604 0.189815 0.045313 0.057407 0.995979
0 0.419792 0.133333 0.034896 0.044444 0.994217
0 0.457292 0.082407 0.022396 0.030556 0.989964
0 0.484896 0.103704 0.026563 0.037037 0.989713
0 0.075000 0.132407 0.035937 0.048148 0.989242
0 0.506250 0.071296 0.021875 0.030556 0.988631
0 0.476042 0.060185 0.019792 0.026852 0.966304
0 0.539583 0.087963 0.023958 0.033333 0.947116
0 0.242188 0.155556 0.077604 0.050926 0.926294
0 0.516146 0.053704 0.020312 0.026852 0.854675
0 0.526042 0.033333 0.016146 0.019444 0.558746
0 0.497917 0.035185 0.015625 0.020370 0.555743
0 0.479688 0.046296 0.018750 0.021296 0.345515
