0 0.350000 0.713889 0.142188 0.219444 0.999781
0 0.611458 0.716667 0.151562 0.241667 0.999609
0 0.827083 0.699074 0.168229 0.214815 0.999147
0 0.085938 0.130556 0.037500 0.043519 0.994102
0 0.330208 0.949074 0.226042 0.101852 0.984678
0 0.927604 0.862963 0.144792 0.267593 0.971623
2 0.493229 0.075000 0.040104 0.085185 0.950220
3 0.543750 0.103704 0.013021 0.050000 0.924857
0 0.007292 0.157407 0.014062 0.050000 0.784627
0 0.185417 0.119444 0.037500 0.038889 0.391524
0 0.002604 0.208333 0.004167 0.070370 0.350087
5 0.107292 0.235185 0.016667 0.070370 0.322388
0 0.228125 0.082407 0.031250 0.037963 0.286993
