0 0.328646 0.644444 0.124479 0.205556 0.999773
0 0.529688 0.428704 0.098958 0.157407 0.999763
0 0.649479 0.830556 0.185417 0.330556 0.999261
0 0.505729 0.284259 0.063021 0.090741 0.999228
0 0.383333 0.253704 0.062500 0.095370 0.999118
0 0.563021 0.225000 0.056771 0.069444 0.998746
0 0.404687 0.176852 0.046875 0.056481 0.995659
0 0.040625 0.147222 0.040625 0.054630 0.994210
0 0.166667 0.141667 0.040625 0.060185 0.962405
0 0.945833 0.948148 0.108333 0.102778 0.945638
3 0.545833 0.100000 0.009896 0.045370 0.898230
0 0.238021 0.100000 0.034375 0.047222 0.756016
