0 0.793750 0.624074 0.155729 0.215741 0.999877
0 0.525000 0.435185 0.092708 0.142593 0.999846
0 0.589583 0.663889 0.153646 0.235185 0.999781
0 0.629167 0.341667 0.092188 0.132407 0.999562
0 0.344271 0.467593 0.106771 0.147222 0.998674
0 0.109375 0.157407 0.043229 0.049074 0.995361
0 0.341667 0.740741 0.169792 0.412963 0.979333
2 0.474479 0.108333 0.223958 0.134259 0.964816
0 0.012500 0.189815 0.024479 0.068519 0.735144
0 0.016146 0.161111 0.030208 0.043519 0.701583
0 0.176042 0.123148 0.035417 0.036111 0.497211
