0 0.531250 0.523148 0.110417 0.169444 0.999723
0 0.367188 0.471296 0.101562 0.180556 0.999333
0 0.475000 0.239815 0.057813 0.085185 0.999208
0 0.570833 0.247222 0.061458 0.082407 0.999024
0 0.363542 0.234259 0.051042 0.094444 0.998606
0 0.495833 0.131481 0.037500 0.054630 0.998123
0 0.513021 0.370370 0.079167 0.114815 0.997514
0 0.522396 0.164815 0.044792 0.062037 0.996543
0 0.431250 0.150000 0.041146 0.052778 0.996463
0 0.084375 0.150000 0.042708 0.052778 0.996326
0 0.390104 0.180556 0.048437 0.094444 0.996005
0 0.456771 0.121296 0.031771 0.041667 0.994075
2 0.533854 0.080556 0.041146 0.105556 0.979651
0 0.371875 0.132407 0.038021 0.053704 0.931421
0 0.223438 0.111111 0.029687 0.045370 0.547485
0 0.083854 0.128704 0.035417 0.042593 0.485930
