0 0.350000 0.483333 0.094792 0.158333 0.999821
0 0.733333 0.543519 0.144792 0.184259 0.998842
0 0.667708 0.911111 0.227604 0.177778 0.998276
0 0.416146 0.112963 0.031771 0.041667 0.996784
0 0.462500 0.130556 0.036458 0.058333 0.996547
0 0.405208 0.175000 0.043229 0.059259 0.994942
0 0.014583 0.193519 0.028646 0.062037 0.993920
0 0.533333 0.106481 0.028125 0.037037 0.991852
0 0.447917 0.063889 0.021875 0.027778 0.985653
0 0.041667 0.131481 0.039062 0.050926 0.982177
0 0.075521 0.148148 0.044792 0.058333 0.980305
0 0.511979 0.062963 0.019792 0.032407 0.969485
0 0.477604 0.068519 0.022396 0.026852 0.946295
0 0.176563 0.126852 0.033333 0.035185 0.795933
0 0.225521 0.098148 0.030729 0.033333 0.680225
0 0.157813 0.103704 0.025000 0.026852 0.359700
