0 0.778646 0.621296 0.148958 0.205556 0.999286
0 0.611979 0.875000 0.185417 0.250000 0.998407
0 0.350521 0.662037 0.135937 0.279630 0.997866
0 0.396354 0.179630 0.046354 0.058333 0.997080
0 0.923437 0.875000 0.152604 0.249074 0.992227
0 0.433854 0.119444 0.031250 0.044444 0.991466
0 0.497396 0.072222 0.024479 0.032407 0.986394
0 0.450000 0.084259 0.026563 0.040741 0.974259
0 0.409896 0.093519 0.025521 0.038889 0.967372
0 0.265625 0.155556 0.081250 0.054630 0.953698
0 0.529688 0.051852 0.018750 0.025926 0.877575
0 0.176042 0.108333 0.023958 0.028704 0.723984
4 0.109896 0.188889 0.026563 0.067593 0.539527
