0 0.477604 0.132407 0.033333 0.047222 0.995832
0 0.090104 0.171296 0.046354 0.055556 0.995446
0 0.042708 0.155556 0.043229 0.046296 0.993894
0 0.525000 0.085185 0.021875 0.032407 0.990522
0 0.516667 0.051852 0.016146 0.023148 0.988661
0 0.543229 0.062963 0.020312 0.028704 0.966810
0 0.443229 0.089815 0.027083 0.035185 0.908130
0 0.536458 0.040741 0.014583 0.021296 0.811912
2 0.481771 0.045370 0.028646 0.051852 0.806083
0 0.502604 0.037963 0.014583 0.022222 0.727210
0 0.138542 0.118519 0.042708 0.050000 0.574061
