0 0.356250 0.745370 0.145313 0.261111 0.999757
0 0.798958 0.666667 0.171354 0.198148 0.999484
0 0.606771 0.622222 0.145833 0.289815 0.997625
0 0.030729 0.208333 0.056771 0.069444 0.996405
0 0.054167 0.165741 0.042708 0.050000 0.991043
0 0.928125 0.904630 0.143750 0.187037 0.985799
0 0.141146 0.140741 0.036458 0.046296 0.980956
0 0.507812 0.059259 0.021875 0.032407 0.971371
2 0.755729 0.866667 0.332292 0.257407 0.739059
1 0.118229 0.094444 0.047396 0.077778 0.648791
0 0.160938 0.109259 0.032292 0.042593 0.644166
