0 0.359896 0.666667 0.139062 0.233333 0.999806
0 0.570312 0.657407 0.138021 0.212037 0.999203
0 0.798958 0.675926 0.159896 0.220370 0.999147
0 0.353646 0.141667 0.085417 0.068519 0.996201
0 0.023438 0.217593 0.045833 0.059259 0.994564
0 0.432292 0.125926 0.036458 0.055556 0.986691
0 0.531250 0.075926 0.021875 0.028704 0.980930
0 0.468229 0.079630 0.024479 0.034259 0.980504
0 0.141667 0.139815 0.040104 0.050000 0.978273
0 0.517708 0.055556 0.018229 0.025000 0.958037
0 0.402083 0.093519 0.032292 0.054630 0.937979
0 0.534896 0.029630 0.014583 0.021296 0.270866
