0 0.756771 0.622222 0.140625 0.187037 0.999762
0 0.565625 0.637963 0.135937 0.216667 0.999762
0 0.339063 0.659259 0.135417 0.230556 0.999626
0 0.661458 0.881481 0.213021 0.231481 0.997673
0 0.339583 0.918519 0.183854 0.162037 0.990973
0 0.414583 0.079630 0.026042 0.031481 0.924014
3 0.697917 0.204630 0.014583 0.068519 0.913278
0 0.510417 0.042593 0.018750 0.021296 0.832042
5 0.472917 0.223148 0.021354 0.079630 0.783399
3 0.743229 0.208333 0.015625 0.066667 0.643403
0 0.246875 0.093519 0.031771 0.047222 0.358771
0 0.002083 0.208333 0.003646 0.064815 0.334917
