0 0.335938 0.708333 0.138021 0.224074 0.999748
0 0.599479 0.778704 0.162500 0.269444 0.999612
0 0.776042 0.620370 0.144271 0.208333 0.999560
0 0.547396 0.503704 0.121875 0.235185 0.999463
0 0.373958 0.379630 0.099479 0.198148 0.997316
0 0.881771 0.857407 0.212500 0.281481 0.995555
0 0.107813 0.160185 0.046875 0.050000 0.989479
0 0.034896 0.188889 0.066146 0.068519 0.982834
0 0.470313 0.070370 0.021875 0.028704 0.930516
0 0.236458 0.150926 0.082813 0.057407 0.832176
0 0.133854 0.123148 0.033854 0.041667 0.827723
0 0.061458 0.160185 0.036458 0.042593 0.668461
0 0.226562 0.092593 0.030729 0.037963 0.635460
