0 0.756771 0.622222 0.141146 0.187037 0.999818
0 0.565625 0.636111 0.134375 0.213889 0.999771
0 0.339063 0.659259 0.135417 0.229630 0.999601
0 0.650521 0.859259 0.200000 0.270370 0.997617
0 0.083854 0.120370 0.033333 0.036111 0.996449
0 0.140625 0.137037 0.040625 0.052778 0.991024
0 0.340104 0.918519 0.184375 0.162037 0.990470
3 0.699479 0.175926 0.014062 0.064815 0.972835
5 0.588542 0.227778 0.018750 0.075926 0.898748
0 0.440625 0.060185 0.022917 0.029630 0.835176
3 0.665104 0.168519 0.012500 0.057407 0.830806
0 0.250521 0.082407 0.022917 0.028704 0.377933
0 0.002083 0.207407 0.003646 0.062963 0.292797
