0 0.773958 0.627778 0.157292 0.189815 0.999851
0 0.379687 0.574074 0.122917 0.212037 0.999686
0 0.571875 0.625000 0.139583 0.231481 0.999666
0 0.325521 0.869444 0.205729 0.256481 0.999206
0 0.906250 0.879630 0.186979 0.240741 0.997197
0 0.657292 0.829630 0.176563 0.315741 0.995616
0 0.053125 0.187963 0.058854 0.077778 0.991944
0 0.491146 0.089815 0.025521 0.032407 0.986321
0 0.140104 0.139815 0.038542 0.054630 0.973558
0 0.014062 0.187037 0.027083 0.067593 0.969046
0 0.396354 0.117593 0.044792 0.062037 0.965933
1 0.089583 0.105556 0.067188 0.084259 0.943771
4 0.531771 0.074074 0.014583 0.035185 0.898988
0 0.027083 0.158333 0.032292 0.046296 0.854616
0 0.491667 0.042593 0.018229 0.022222 0.776981
0 0.056771 0.142593 0.038542 0.041667 0.696867
0 0.537500 0.037037 0.016146 0.021296 0.606963
3 0.692708 0.158333 0.009896 0.055556 0.605877
