0 0.353125 0.522222 0.098438 0.169444 0.999681
0 0.754167 0.568519 0.132812 0.180556 0.999332
0 0.497917 0.439815 0.091667 0.168519 0.999061
0 0.618750 0.763889 0.163021 0.242593 0.998609
0 0.405729 0.186111 0.051042 0.071296 0.997113
0 0.109375 0.111111 0.031250 0.037963 0.996821
0 0.313542 0.878704 0.196354 0.238889 0.996606
0 0.609896 0.315741 0.074479 0.107407 0.995653
0 0.473437 0.219444 0.052604 0.080556 0.995629
0 0.382292 0.286111 0.064583 0.121296 0.994108
0 0.398438 0.118519 0.038021 0.061111 0.993413
0 0.555729 0.176852 0.042188 0.076852 0.988956
0 0.479167 0.159259 0.040625 0.057407 0.987755
0 0.531250 0.112963 0.034375 0.059259 0.986739
0 0.495833 0.078704 0.023438 0.034259 0.980318
0 0.437500 0.094444 0.030729 0.037037 0.977653
0 0.478125 0.113889 0.030729 0.040741 0.933442
0 0.511979 0.054630 0.021354 0.028704 0.926885
0 0.539583 0.041667 0.017188 0.025000 0.574198
