0 0.685417 0.470370 0.117188 0.154630 0.999635
0 0.367708 0.549074 0.140104 0.291667 0.998525
0 0.044271 0.194444 0.055208 0.065741 0.995191
0 0.469792 0.103704 0.031771 0.038889 0.994797
0 0.056771 0.129630 0.032292 0.036111 0.994321
0 0.908854 0.861111 0.181771 0.266667 0.988361
2 0.393229 0.121296 0.093750 0.110185 0.984150
0 0.310937 0.954630 0.215625 0.089815 0.966271
0 0.132812 0.145370 0.036458 0.046296 0.954638
2 0.536979 0.060185 0.037500 0.101852 0.939385
0 0.116146 0.116667 0.033854 0.040741 0.932657
0 0.563542 0.583333 0.121875 0.188889 0.893182
0 0.008854 0.198148 0.017188 0.057407 0.884748
0 0.031250 0.169444 0.043750 0.048148 0.602045
2 0.662500 0.714815 0.270833 0.569444 0.320314
