0 0.590104 0.666667 0.138542 0.211111 0.999620
0 0.508854 0.362037 0.087500 0.128704 0.999412
0 0.640104 0.366667 0.088542 0.120370 0.999334
0 0.466667 0.225926 0.057292 0.077778 0.999320
0 0.553125 0.205556 0.050521 0.076852 0.998293
0 0.363021 0.356481 0.075521 0.137963 0.998094
0 0.369792 0.257407 0.072917 0.137963 0.998090
0 0.448438 0.177778 0.043750 0.055556 0.996296
0 0.017188 0.148148 0.033333 0.043519 0.993718
0 0.052604 0.143519 0.038542 0.048148 0.991241
0 0.521875 0.164815 0.046354 0.061111 0.990196
2 0.530208 0.089815 0.050521 0.108333 0.982467
0 0.331250 0.955556 0.219271 0.084259 0.974465
0 0.367708 0.189815 0.054167 0.066667 0.652649
0 0.641667 0.985185 0.240625 0.028704 0.417138
