0 0.565625 0.636111 0.134375 0.212963 0.999762
0 0.338542 0.660185 0.135937 0.231481 0.999489
0 0.754167 0.610185 0.144792 0.189815 0.999114
0 0.648438 0.855556 0.193229 0.271296 0.998231
0 0.083333 0.168519 0.045833 0.058333 0.997972
0 0.028125 0.204630 0.054688 0.071296 0.997929
0 0.339583 0.918519 0.184375 0.162037 0.991406
0 0.931771 0.950000 0.136458 0.099074 0.985101
0 0.476562 0.116667 0.052083 0.080556 0.980486
0 0.108333 0.137963 0.034896 0.042593 0.960183
0 0.222917 0.149074 0.080729 0.051852 0.947247
0 0.072917 0.131481 0.039583 0.048148 0.945124
0 0.151042 0.117593 0.029687 0.037963 0.943359
0 0.118229 0.104630 0.028125 0.029630 0.917644
0 0.372396 0.142593 0.069792 0.056481 0.846367
0 0.004688 0.179630 0.008333 0.057407 0.424625
