0 0.389583 0.251852 0.055208 0.079630 0.999421
0 0.338542 0.359259 0.082813 0.121296 0.999389
0 0.514583 0.156481 0.039062 0.048148 0.999075
0 0.536458 0.128704 0.032292 0.040741 0.997186
0 0.486979 0.104630 0.029687 0.038889 0.995190
0 0.416667 0.136111 0.034375 0.060185 0.993190
0 0.111458 0.109259 0.032812 0.034259 0.971116
0 0.456771 0.071296 0.021354 0.028704 0.944153
0 0.513542 0.059259 0.019271 0.026852 0.933882
0 0.494792 0.079630 0.024479 0.030556 0.928360
0 0.436458 0.077778 0.028646 0.045370 0.867915
0 0.472396 0.056481 0.020312 0.027778 0.858731
0 0.178646 0.120370 0.023958 0.032407 0.682653
0 0.524479 0.046296 0.016667 0.022222 0.633424
0 0.489583 0.050000 0.018750 0.025000 0.489197
