0 0.355208 0.542593 0.108854 0.180556 0.999721
0 0.425000 0.247222 0.055208 0.078704 0.999440
0 0.373958 0.359259 0.077604 0.116667 0.998353
0 0.412500 0.175926 0.042708 0.057407 0.997155
0 0.501562 0.064815 0.020833 0.028704 0.989854
0 0.046875 0.165741 0.045833 0.055556 0.989506
0 0.015104 0.227778 0.029167 0.069444 0.988171
0 0.399479 0.111111 0.029167 0.037963 0.986112
0 0.481771 0.113889 0.031771 0.045370 0.984810
0 0.260938 0.147222 0.077604 0.058333 0.967983
2 0.540625 0.325000 0.143229 0.347222 0.959325
0 0.443229 0.091667 0.025521 0.037963 0.918062
0 0.512500 0.036111 0.018750 0.028704 0.836048
0 0.460938 0.067593 0.022917 0.030556 0.813974
0 0.548958 0.036111 0.015625 0.021296 0.473192
