0 0.364062 0.672222 0.122917 0.222222 0.999646
0 0.533333 0.157407 0.041667 0.053704 0.998866
0 0.459375 0.171296 0.041667 0.056481 0.998419
0 0.382812 0.200000 0.049479 0.062037 0.996843
0 0.024479 0.178704 0.045313 0.055556 0.993673
0 0.488021 0.063889 0.022396 0.030556 0.993578
0 0.638021 0.857407 0.188021 0.274074 0.992079
1 0.534896 0.082407 0.042188 0.081481 0.979349
0 0.447917 0.090741 0.024479 0.033333 0.978583
0 0.472917 0.126852 0.030729 0.047222 0.955041
0 0.501562 0.041667 0.019271 0.023148 0.817566
4 0.690625 0.175926 0.018750 0.062963 0.693960
