0 0.079167 0.170370 0.045833 0.057407 0.995249
0 0.428125 0.110185 0.031771 0.039815 0.994142
0 0.030729 0.176852 0.045313 0.054630 0.991041
0 0.084896 0.120370 0.032292 0.036111 0.969674
3 0.189063 0.265741 0.048437 0.082407 0.965469
0 0.512500 0.084259 0.026563 0.036111 0.959442
3 0.708333 0.420370 0.041667 0.124074 0.953882
0 0.445833 0.083333 0.025521 0.037963 0.871724
0 0.489062 0.050000 0.018229 0.023148 0.804302
0 0.505729 0.068519 0.020833 0.026852 0.760067
0 0.515625 0.052778 0.018229 0.025000 0.620214
0 0.536979 0.039815 0.016146 0.020370 0.284936
0 0.186979 0.132407 0.036979 0.048148 0.267464
0 0.522917 0.034259 0.015104 0.019444 0.254720
