0 0.376563 0.511111 0.107292 0.179630 0.999543
0 0.640104 0.371296 0.092188 0.111111 0.999258
0 0.522396 0.337963 0.080208 0.143519 0.997895
0 0.014583 0.195370 0.028125 0.059259 0.995948
0 0.065104 0.180556 0.053646 0.068519 0.991706
0 0.698958 0.497222 0.122917 0.146296 0.991556
0 0.098958 0.142593 0.039583 0.046296 0.986375
0 0.123438 0.117593 0.037500 0.058333 0.924957
2 0.627083 0.674074 0.189063 0.507407 0.763337
0 0.053125 0.156481 0.053646 0.079630 0.733205
5 0.738542 0.419444 0.034375 0.118519 0.451422
