0 0.477604 0.168519 0.043229 0.061111 0.998792
0 0.365625 0.904630 0.194792 0.190741 0.998788
0 0.081250 0.151852 0.040104 0.048148 0.995721
0 0.395833 0.161111 0.038542 0.056481 0.995184
0 0.444271 0.088889 0.028125 0.037963 0.994600
0 0.538021 0.142593 0.038542 0.052778 0.994531
0 0.472917 0.073148 0.021875 0.032407 0.985998
0 0.415625 0.123148 0.031250 0.047222 0.980494
0 0.546354 0.062963 0.018750 0.029630 0.980438
0 0.502083 0.055556 0.026563 0.047222 0.693980
0 0.540104 0.040741 0.014062 0.024074 0.486660
0 0.228125 0.142593 0.046354 0.050000 0.447806
0 0.147396 0.110185 0.034375 0.030556 0.402762
0 0.559375 0.026852 0.014583 0.022222 0.304694
