0 0.751562 0.557407 0.135937 0.192593 0.999805
0 0.342708 0.650000 0.138021 0.242593 0.999536
0 0.567187 0.636111 0.134896 0.225000 0.999479
0 0.644792 0.887037 0.201042 0.225926 0.998441
0 0.905208 0.828704 0.189063 0.247222 0.998093
0 0.092708 0.137963 0.042708 0.056481 0.997750
0 0.298438 0.933333 0.217708 0.132407 0.992269
0 0.028646 0.212963 0.056771 0.062037 0.989289
0 0.930729 0.967593 0.138021 0.063889 0.939689
0 0.022917 0.179630 0.043229 0.043519 0.933154
0 0.166146 0.125926 0.035417 0.046296 0.880261
0 0.477083 0.059259 0.022917 0.027778 0.851916
3 0.665104 0.131481 0.010417 0.057407 0.652223
0 0.525000 0.034259 0.016146 0.020370 0.620439
3 0.677083 0.148148 0.010417 0.056481 0.450643
