0 0.643750 0.389815 0.095312 0.122222 0.999209
0 0.415625 0.158333 0.038542 0.053704 0.997043
0 0.482292 0.219444 0.052604 0.084259 0.996584
0 0.491667 0.084259 0.023438 0.030556 0.978138
0 0.468750 0.064815 0.021354 0.035185 0.958832
0 0.525000 0.056481 0.019792 0.028704 0.930355
0 0.169792 0.152778 0.034896 0.049074 0.897145
0 0.517187 0.034259 0.014583 0.020370 0.523515
0 0.537500 0.037037 0.016146 0.024074 0.472808
2 0.281771 0.147222 0.116667 0.063889 0.299532
0 0.489062 0.044444 0.020312 0.034259 0.261635
0 0.312500 0.147222 0.041146 0.058333 0.254040
