0 0.485417 0.113889 0.031250 0.037963 0.994055
0 0.100000 0.159259 0.044271 0.058333 0.985995
0 0.508333 0.078704 0.023438 0.030556 0.985656
0 0.440104 0.092593 0.028646 0.037037 0.961511
3 0.729167 0.660185 0.051042 0.192593 0.941226
0 0.170833 0.142593 0.038021 0.052778 0.936966
0 0.033854 0.149074 0.036979 0.060185 0.936548
0 0.531250 0.046296 0.016146 0.022222 0.792302
0 0.117188 0.133333 0.031771 0.037963 0.776875
4 0.698438 0.354630 0.043750 0.143519 0.582866
0 0.518229 0.036111 0.014583 0.017593 0.374095
